date,weekday,sifma_status,calendar_page_status,nyfed_exception,is_business_day,reason,source_files,sofr_present,index_present,sofr_source_row,index_source_row,coverage_status
2021-12-30,3,ordinary_weekday,ordinary_weekday,False,True,ordinary_weekday,"[""sifma_archivo.html""]",True,True,1165,1165,verified
2021-12-31,4,early_close,early_close,False,True,New Year's Day 2021/2022,"[""sifma_archivo.html""]",True,True,1164,1164,verified
2022-01-01,5,weekend,weekend,False,False,weekend,"[""sifma_archivo.html""]",False,False,,,verified
2022-01-02,6,weekend,weekend,False,False,weekend,"[""sifma_archivo.html""]",False,False,,,verified
2022-01-03,0,ordinary_weekday,ordinary_weekday,False,True,ordinary_weekday,"[""sifma_archivo.html""]",True,True,1163,1163,verified
2022-01-04,1,ordinary_weekday,ordinary_weekday,False,True,ordinary_weekday,"[""sifma_archivo.html""]",True,True,1162,1162,verified
2022-01-05,2,ordinary_weekday,ordinary_weekday,False,True,ordinary_weekday,"[""sifma_archivo.html""]",True,True,1161,1161,verified
2022-01-06,3,ordinary_weekday,ordinary_weekday,False,True,ordinary_weekday,"[""sifma_archivo.html""]",True,True,1160,1160,verified
2022-01-07,4,ordinary_weekday,ordinary_weekday,False,True,ordinary_weekday,"[""sifma_archivo.html""]",True,True,1159,1159,verified
2022-01-08,5,weekend,weekend,False,False,weekend,"[""sifma_archivo.html""]",False,False,,,verified
2022-01-09,6,weekend,weekend,False,False,weekend,"[""sifma_archivo.html""]",False,False,,,verified
2022-01-10,0,ordinary_weekday,ordinary_weekday,False,True,ordinary_weekday,"[""sifma_archivo.html""]",True,True,1158,1158,verified
2022-01-11,1,ordinary_weekday,ordinary_weekday,False,True,ordinary_weekday,"[""sifma_archivo.html""]",True,True,1157,1157,verified
2022-01-12,2,ordinary_weekday,ordinary_weekday,False,True,ordinary_weekday,"[""sifma_archivo.html""]",True,True,1156,1156,verified
2022-01-13,3,ordinary_weekday,ordinary_weekday,False,True,ordinary_weekday,"[""sifma_archivo.html""]",True,True,1155,1155,verified
2022-01-14,4,ordinary_weekday,ordinary_weekday,False,True,ordinary_weekday,"[""sifma_archivo.html""]",True,True,1154,1154,verified
2022-01-15,5,weekend,weekend,False,False,weekend,"[""sifma_archivo.html""]",False,False,,,verified
2022-01-16,6,weekend,weekend,False,False,weekend,"[""sifma_archivo.html""]",False,False,,,verified
2022-01-17,0,full_close,full_close,False,False,Martin Luther King Day,"[""sifma_archivo.html""]",False,False,,,verified
2022-01-18,1,ordinary_weekday,ordinary_weekday,False,True,ordinary_weekday,"[""sifma_archivo.html""]",True,True,1153,1153,verified
2022-01-19,2,ordinary_weekday,ordinary_weekday,False,True,ordinary_weekday,"[""sifma_archivo.html""]",True,True,1152,1152,verified
2022-01-20,3,ordinary_weekday,ordinary_weekday,False,True,ordinary_weekday,"[""sifma_archivo.html""]",True,True,1151,1151,verified
2022-01-21,4,ordinary_weekday,ordinary_weekday,False,True,ordinary_weekday,"[""sifma_archivo.html""]",True,True,1150,1150,verified
2022-01-22,5,weekend,weekend,False,False,weekend,"[""sifma_archivo.html""]",False,False,,,verified
2022-01-23,6,weekend,weekend,False,False,weekend,"[""sifma_archivo.html""]",False,False,,,verified
2022-01-24,0,ordinary_weekday,ordinary_weekday,False,True,ordinary_weekday,"[""sifma_archivo.html""]",True,True,1149,1149,verified
2022-01-25,1,ordinary_weekday,ordinary_weekday,False,True,ordinary_weekday,"[""sifma_archivo.html""]",True,True,1148,1148,verified
2022-01-26,2,ordinary_weekday,ordinary_weekday,False,True,ordinary_weekday,"[""sifma_archivo.html""]",True,True,1147,1147,verified
2022-01-27,3,ordinary_weekday,ordinary_weekday,False,True,ordinary_weekday,"[""sifma_archivo.html""]",True,True,1146,1146,verified
2022-01-28,4,ordinary_weekday,ordinary_weekday,False,True,ordinary_weekday,"[""sifma_archivo.html""]",True,True,1145,1145,verified
2022-01-29,5,weekend,weekend,False,False,weekend,"[""sifma_archivo.html""]",False,False,,,verified
2022-01-30,6,weekend,weekend,False,False,weekend,"[""sifma_archivo.html""]",False,False,,,verified
2022-01-31,0,ordinary_weekday,ordinary_weekday,False,True,ordinary_weekday,"[""sifma_archivo.html""]",True,True,1144,1144,verified
2022-02-01,1,ordinary_weekday,ordinary_weekday,False,True,ordinary_weekday,"[""sifma_archivo.html""]",True,True,1143,1143,verified
2022-02-02,2,ordinary_weekday,ordinary_weekday,False,True,ordinary_weekday,"[""sifma_archivo.html""]",True,True,1142,1142,verified
2022-02-03,3,ordinary_weekday,ordinary_weekday,False,True,ordinary_weekday,"[""sifma_archivo.html""]",True,True,1141,1141,verified
2022-02-04,4,ordinary_weekday,ordinary_weekday,False,True,ordinary_weekday,"[""sifma_archivo.html""]",True,True,1140,1140,verified
2022-02-05,5,weekend,weekend,False,False,weekend,"[""sifma_archivo.html""]",False,False,,,verified
2022-02-06,6,weekend,weekend,False,False,weekend,"[""sifma_archivo.html""]",False,False,,,verified
2022-02-07,0,ordinary_weekday,ordinary_weekday,False,True,ordinary_weekday,"[""sifma_archivo.html""]",True,True,1139,1139,verified
2022-02-08,1,ordinary_weekday,ordinary_weekday,False,True,ordinary_weekday,"[""sifma_archivo.html""]",True,True,1138,1138,verified
2022-02-09,2,ordinary_weekday,ordinary_weekday,False,True,ordinary_weekday,"[""sifma_archivo.html""]",True,True,1137,1137,verified
2022-02-10,3,ordinary_weekday,ordinary_weekday,False,True,ordinary_weekday,"[""sifma_archivo.html""]",True,True,1136,1136,verified
2022-02-11,4,ordinary_weekday,ordinary_weekday,False,True,ordinary_weekday,"[""sifma_archivo.html""]",True,True,1135,1135,verified
2022-02-12,5,weekend,weekend,False,False,weekend,"[""sifma_archivo.html""]",False,False,,,verified
2022-02-13,6,weekend,weekend,False,False,weekend,"[""sifma_archivo.html""]",False,False,,,verified
2022-02-14,0,ordinary_weekday,ordinary_weekday,False,True,ordinary_weekday,"[""sifma_archivo.html""]",True,True,1134,1134,verified
2022-02-15,1,ordinary_weekday,ordinary_weekday,False,True,ordinary_weekday,"[""sifma_archivo.html""]",True,True,1133,1133,verified
2022-02-16,2,ordinary_weekday,ordinary_weekday,False,True,ordinary_weekday,"[""sifma_archivo.html""]",True,True,1132,1132,verified
2022-02-17,3,ordinary_weekday,ordinary_weekday,False,True,ordinary_weekday,"[""sifma_archivo.html""]",True,True,1131,1131,verified
2022-02-18,4,ordinary_weekday,ordinary_weekday,False,True,ordinary_weekday,"[""sifma_archivo.html""]",True,True,1130,1130,verified
2022-02-19,5,weekend,weekend,False,False,weekend,"[""sifma_archivo.html""]",False,False,,,verified
2022-02-20,6,weekend,weekend,False,False,weekend,"[""sifma_archivo.html""]",False,False,,,verified
2022-02-21,0,full_close,full_close,False,False,Presidents Day,"[""sifma_archivo.html""]",False,False,,,verified
2022-02-22,1,ordinary_weekday,ordinary_weekday,False,True,ordinary_weekday,"[""sifma_archivo.html""]",True,True,1129,1129,verified
2022-02-23,2,ordinary_weekday,ordinary_weekday,False,True,ordinary_weekday,"[""sifma_archivo.html""]",True,True,1128,1128,verified
2022-02-24,3,ordinary_weekday,ordinary_weekday,False,True,ordinary_weekday,"[""sifma_archivo.html""]",True,True,1127,1127,verified
2022-02-25,4,ordinary_weekday,ordinary_weekday,False,True,ordinary_weekday,"[""sifma_archivo.html""]",True,True,1126,1126,verified
2022-02-26,5,weekend,weekend,False,False,weekend,"[""sifma_archivo.html""]",False,False,,,verified
2022-02-27,6,weekend,weekend,False,False,weekend,"[""sifma_archivo.html""]",False,False,,,verified
2022-02-28,0,ordinary_weekday,ordinary_weekday,False,True,ordinary_weekday,"[""sifma_archivo.html""]",True,True,1125,1125,verified
2022-03-01,1,ordinary_weekday,ordinary_weekday,False,True,ordinary_weekday,"[""sifma_archivo.html""]",True,True,1124,1124,verified
2022-03-02,2,ordinary_weekday,ordinary_weekday,False,True,ordinary_weekday,"[""sifma_archivo.html""]",True,True,1123,1123,verified
2022-03-03,3,ordinary_weekday,ordinary_weekday,False,True,ordinary_weekday,"[""sifma_archivo.html""]",True,True,1122,1122,verified
2022-03-04,4,ordinary_weekday,ordinary_weekday,False,True,ordinary_weekday,"[""sifma_archivo.html""]",True,True,1121,1121,verified
2022-03-05,5,weekend,weekend,False,False,weekend,"[""sifma_archivo.html""]",False,False,,,verified
2022-03-06,6,weekend,weekend,False,False,weekend,"[""sifma_archivo.html""]",False,False,,,verified
2022-03-07,0,ordinary_weekday,ordinary_weekday,False,True,ordinary_weekday,"[""sifma_archivo.html""]",True,True,1120,1120,verified
2022-03-08,1,ordinary_weekday,ordinary_weekday,False,True,ordinary_weekday,"[""sifma_archivo.html""]",True,True,1119,1119,verified
2022-03-09,2,ordinary_weekday,ordinary_weekday,False,True,ordinary_weekday,"[""sifma_archivo.html""]",True,True,1118,1118,verified
2022-03-10,3,ordinary_weekday,ordinary_weekday,False,True,ordinary_weekday,"[""sifma_archivo.html""]",True,True,1117,1117,verified
2022-03-11,4,ordinary_weekday,ordinary_weekday,False,True,ordinary_weekday,"[""sifma_archivo.html""]",True,True,1116,1116,verified
2022-03-12,5,weekend,weekend,False,False,weekend,"[""sifma_archivo.html""]",False,False,,,verified
2022-03-13,6,weekend,weekend,False,False,weekend,"[""sifma_archivo.html""]",False,False,,,verified
2022-03-14,0,ordinary_weekday,ordinary_weekday,False,True,ordinary_weekday,"[""sifma_archivo.html""]",True,True,1115,1115,verified
2022-03-15,1,ordinary_weekday,ordinary_weekday,False,True,ordinary_weekday,"[""sifma_archivo.html""]",True,True,1114,1114,verified
2022-03-16,2,ordinary_weekday,ordinary_weekday,False,True,ordinary_weekday,"[""sifma_archivo.html""]",True,True,1113,1113,verified
2022-03-17,3,ordinary_weekday,ordinary_weekday,False,True,ordinary_weekday,"[""sifma_archivo.html""]",True,True,1112,1112,verified
2022-03-18,4,ordinary_weekday,ordinary_weekday,False,True,ordinary_weekday,"[""sifma_archivo.html""]",True,True,1111,1111,verified
2022-03-19,5,weekend,weekend,False,False,weekend,"[""sifma_archivo.html""]",False,False,,,verified
2022-03-20,6,weekend,weekend,False,False,weekend,"[""sifma_archivo.html""]",False,False,,,verified
2022-03-21,0,ordinary_weekday,ordinary_weekday,False,True,ordinary_weekday,"[""sifma_archivo.html""]",True,True,1110,1110,verified
2022-03-22,1,ordinary_weekday,ordinary_weekday,False,True,ordinary_weekday,"[""sifma_archivo.html""]",True,True,1109,1109,verified
2022-03-23,2,ordinary_weekday,ordinary_weekday,False,True,ordinary_weekday,"[""sifma_archivo.html""]",True,True,1108,1108,verified
2022-03-24,3,ordinary_weekday,ordinary_weekday,False,True,ordinary_weekday,"[""sifma_archivo.html""]",True,True,1107,1107,verified
2022-03-25,4,ordinary_weekday,ordinary_weekday,False,True,ordinary_weekday,"[""sifma_archivo.html""]",True,True,1106,1106,verified
2022-03-26,5,weekend,weekend,False,False,weekend,"[""sifma_archivo.html""]",False,False,,,verified
2022-03-27,6,weekend,weekend,False,False,weekend,"[""sifma_archivo.html""]",False,False,,,verified
2022-03-28,0,ordinary_weekday,ordinary_weekday,False,True,ordinary_weekday,"[""sifma_archivo.html""]",True,True,1105,1105,verified
2022-03-29,1,ordinary_weekday,ordinary_weekday,False,True,ordinary_weekday,"[""sifma_archivo.html""]",True,True,1104,1104,verified
2022-03-30,2,ordinary_weekday,ordinary_weekday,False,True,ordinary_weekday,"[""sifma_archivo.html""]",True,True,1103,1103,verified
2022-03-31,3,ordinary_weekday,ordinary_weekday,False,True,ordinary_weekday,"[""sifma_archivo.html""]",True,True,1102,1102,verified
2022-04-01,4,ordinary_weekday,ordinary_weekday,False,True,ordinary_weekday,"[""sifma_archivo.html""]",True,True,1101,1101,verified
2022-04-02,5,weekend,weekend,False,False,weekend,"[""sifma_archivo.html""]",False,False,,,verified
2022-04-03,6,weekend,weekend,False,False,weekend,"[""sifma_archivo.html""]",False,False,,,verified
2022-04-04,0,ordinary_weekday,ordinary_weekday,False,True,ordinary_weekday,"[""sifma_archivo.html""]",True,True,1100,1100,verified
2022-04-05,1,ordinary_weekday,ordinary_weekday,False,True,ordinary_weekday,"[""sifma_archivo.html""]",True,True,1099,1099,verified
2022-04-06,2,ordinary_weekday,ordinary_weekday,False,True,ordinary_weekday,"[""sifma_archivo.html""]",True,True,1098,1098,verified
2022-04-07,3,ordinary_weekday,ordinary_weekday,False,True,ordinary_weekday,"[""sifma_archivo.html""]",True,True,1097,1097,verified
2022-04-08,4,ordinary_weekday,ordinary_weekday,False,True,ordinary_weekday,"[""sifma_archivo.html""]",True,True,1096,1096,verified
2022-04-09,5,weekend,weekend,False,False,weekend,"[""sifma_archivo.html""]",False,False,,,verified
2022-04-10,6,weekend,weekend,False,False,weekend,"[""sifma_archivo.html""]",False,False,,,verified
2022-04-11,0,ordinary_weekday,ordinary_weekday,False,True,ordinary_weekday,"[""sifma_archivo.html""]",True,True,1095,1095,verified
2022-04-12,1,ordinary_weekday,ordinary_weekday,False,True,ordinary_weekday,"[""sifma_archivo.html""]",True,True,1094,1094,verified
2022-04-13,2,ordinary_weekday,ordinary_weekday,False,True,ordinary_weekday,"[""sifma_archivo.html""]",True,True,1093,1093,verified
2022-04-14,3,early_close,early_close,False,True,Good Friday,"[""sifma_archivo.html""]",True,True,1092,1092,verified
2022-04-15,4,full_close,full_close,False,False,Good Friday,"[""sifma_archivo.html""]",False,False,,,verified
2022-04-16,5,weekend,weekend,False,False,weekend,"[""sifma_archivo.html""]",False,False,,,verified
2022-04-17,6,weekend,weekend,False,False,weekend,"[""sifma_archivo.html""]",False,False,,,verified
2022-04-18,0,ordinary_weekday,ordinary_weekday,False,True,ordinary_weekday,"[""sifma_archivo.html""]",True,True,1091,1091,verified
2022-04-19,1,ordinary_weekday,ordinary_weekday,False,True,ordinary_weekday,"[""sifma_archivo.html""]",True,True,1090,1090,verified
2022-04-20,2,ordinary_weekday,ordinary_weekday,False,True,ordinary_weekday,"[""sifma_archivo.html""]",True,True,1089,1089,verified
2022-04-21,3,ordinary_weekday,ordinary_weekday,False,True,ordinary_weekday,"[""sifma_archivo.html""]",True,True,1088,1088,verified
2022-04-22,4,ordinary_weekday,ordinary_weekday,False,True,ordinary_weekday,"[""sifma_archivo.html""]",True,True,1087,1087,verified
2022-04-23,5,weekend,weekend,False,False,weekend,"[""sifma_archivo.html""]",False,False,,,verified
2022-04-24,6,weekend,weekend,False,False,weekend,"[""sifma_archivo.html""]",False,False,,,verified
2022-04-25,0,ordinary_weekday,ordinary_weekday,False,True,ordinary_weekday,"[""sifma_archivo.html""]",True,True,1086,1086,verified
2022-04-26,1,ordinary_weekday,ordinary_weekday,False,True,ordinary_weekday,"[""sifma_archivo.html""]",True,True,1085,1085,verified
2022-04-27,2,ordinary_weekday,ordinary_weekday,False,True,ordinary_weekday,"[""sifma_archivo.html""]",True,True,1084,1084,verified
2022-04-28,3,ordinary_weekday,ordinary_weekday,False,True,ordinary_weekday,"[""sifma_archivo.html""]",True,True,1083,1083,verified
2022-04-29,4,ordinary_weekday,ordinary_weekday,False,True,ordinary_weekday,"[""sifma_archivo.html""]",True,True,1082,1082,verified
2022-04-30,5,weekend,weekend,False,False,weekend,"[""sifma_archivo.html""]",False,False,,,verified
2022-05-01,6,weekend,weekend,False,False,weekend,"[""sifma_archivo.html""]",False,False,,,verified
2022-05-02,0,ordinary_weekday,ordinary_weekday,False,True,ordinary_weekday,"[""sifma_archivo.html""]",True,True,1081,1081,verified
2022-05-03,1,ordinary_weekday,ordinary_weekday,False,True,ordinary_weekday,"[""sifma_archivo.html""]",True,True,1080,1080,verified
2022-05-04,2,ordinary_weekday,ordinary_weekday,False,True,ordinary_weekday,"[""sifma_archivo.html""]",True,True,1079,1079,verified
2022-05-05,3,ordinary_weekday,ordinary_weekday,False,True,ordinary_weekday,"[""sifma_archivo.html""]",True,True,1078,1078,verified
2022-05-06,4,ordinary_weekday,ordinary_weekday,False,True,ordinary_weekday,"[""sifma_archivo.html""]",True,True,1077,1077,verified
2022-05-07,5,weekend,weekend,False,False,weekend,"[""sifma_archivo.html""]",False,False,,,verified
2022-05-08,6,weekend,weekend,False,False,weekend,"[""sifma_archivo.html""]",False,False,,,verified
2022-05-09,0,ordinary_weekday,ordinary_weekday,False,True,ordinary_weekday,"[""sifma_archivo.html""]",True,True,1076,1076,verified
2022-05-10,1,ordinary_weekday,ordinary_weekday,False,True,ordinary_weekday,"[""sifma_archivo.html""]",True,True,1075,1075,verified
2022-05-11,2,ordinary_weekday,ordinary_weekday,False,True,ordinary_weekday,"[""sifma_archivo.html""]",True,True,1074,1074,verified
2022-05-12,3,ordinary_weekday,ordinary_weekday,False,True,ordinary_weekday,"[""sifma_archivo.html""]",True,True,1073,1073,verified
2022-05-13,4,ordinary_weekday,ordinary_weekday,False,True,ordinary_weekday,"[""sifma_archivo.html""]",True,True,1072,1072,verified
2022-05-14,5,weekend,weekend,False,False,weekend,"[""sifma_archivo.html""]",False,False,,,verified
2022-05-15,6,weekend,weekend,False,False,weekend,"[""sifma_archivo.html""]",False,False,,,verified
2022-05-16,0,ordinary_weekday,ordinary_weekday,False,True,ordinary_weekday,"[""sifma_archivo.html""]",True,True,1071,1071,verified
2022-05-17,1,ordinary_weekday,ordinary_weekday,False,True,ordinary_weekday,"[""sifma_archivo.html""]",True,True,1070,1070,verified
2022-05-18,2,ordinary_weekday,ordinary_weekday,False,True,ordinary_weekday,"[""sifma_archivo.html""]",True,True,1069,1069,verified
2022-05-19,3,ordinary_weekday,ordinary_weekday,False,True,ordinary_weekday,"[""sifma_archivo.html""]",True,True,1068,1068,verified
2022-05-20,4,ordinary_weekday,ordinary_weekday,False,True,ordinary_weekday,"[""sifma_archivo.html""]",True,True,1067,1067,verified
2022-05-21,5,weekend,weekend,False,False,weekend,"[""sifma_archivo.html""]",False,False,,,verified
2022-05-22,6,weekend,weekend,False,False,weekend,"[""sifma_archivo.html""]",False,False,,,verified
2022-05-23,0,ordinary_weekday,ordinary_weekday,False,True,ordinary_weekday,"[""sifma_archivo.html""]",True,True,1066,1066,verified
2022-05-24,1,ordinary_weekday,ordinary_weekday,False,True,ordinary_weekday,"[""sifma_archivo.html""]",True,True,1065,1065,verified
2022-05-25,2,ordinary_weekday,ordinary_weekday,False,True,ordinary_weekday,"[""sifma_archivo.html""]",True,True,1064,1064,verified
2022-05-26,3,ordinary_weekday,ordinary_weekday,False,True,ordinary_weekday,"[""sifma_archivo.html""]",True,True,1063,1063,verified
2022-05-27,4,early_close,early_close,False,True,Memorial Day,"[""sifma_archivo.html""]",True,True,1062,1062,verified
2022-05-28,5,weekend,weekend,False,False,weekend,"[""sifma_archivo.html""]",False,False,,,verified
2022-05-29,6,weekend,weekend,False,False,weekend,"[""sifma_archivo.html""]",False,False,,,verified
2022-05-30,0,full_close,full_close,False,False,Memorial Day,"[""sifma_archivo.html""]",False,False,,,verified
2022-05-31,1,ordinary_weekday,ordinary_weekday,False,True,ordinary_weekday,"[""sifma_archivo.html""]",True,True,1061,1061,verified
2022-06-01,2,ordinary_weekday,ordinary_weekday,False,True,ordinary_weekday,"[""sifma_archivo.html""]",True,True,1060,1060,verified
2022-06-02,3,ordinary_weekday,ordinary_weekday,False,True,ordinary_weekday,"[""sifma_archivo.html""]",True,True,1059,1059,verified
2022-06-03,4,ordinary_weekday,ordinary_weekday,False,True,ordinary_weekday,"[""sifma_archivo.html""]",True,True,1058,1058,verified
2022-06-04,5,weekend,weekend,False,False,weekend,"[""sifma_archivo.html""]",False,False,,,verified
2022-06-05,6,weekend,weekend,False,False,weekend,"[""sifma_archivo.html""]",False,False,,,verified
2022-06-06,0,ordinary_weekday,ordinary_weekday,False,True,ordinary_weekday,"[""sifma_archivo.html""]",True,True,1057,1057,verified
2022-06-07,1,ordinary_weekday,ordinary_weekday,False,True,ordinary_weekday,"[""sifma_archivo.html""]",True,True,1056,1056,verified
2022-06-08,2,ordinary_weekday,ordinary_weekday,False,True,ordinary_weekday,"[""sifma_archivo.html""]",True,True,1055,1055,verified
2022-06-09,3,ordinary_weekday,ordinary_weekday,False,True,ordinary_weekday,"[""sifma_archivo.html""]",True,True,1054,1054,verified
2022-06-10,4,ordinary_weekday,ordinary_weekday,False,True,ordinary_weekday,"[""sifma_archivo.html""]",True,True,1053,1053,verified
2022-06-11,5,weekend,weekend,False,False,weekend,"[""sifma_archivo.html""]",False,False,,,verified
2022-06-12,6,weekend,weekend,False,False,weekend,"[""sifma_archivo.html""]",False,False,,,verified
2022-06-13,0,ordinary_weekday,ordinary_weekday,False,True,ordinary_weekday,"[""sifma_archivo.html""]",True,True,1052,1052,verified
2022-06-14,1,ordinary_weekday,ordinary_weekday,False,True,ordinary_weekday,"[""sifma_archivo.html""]",True,True,1051,1051,verified
2022-06-15,2,ordinary_weekday,ordinary_weekday,False,True,ordinary_weekday,"[""sifma_archivo.html""]",True,True,1050,1050,verified
2022-06-16,3,ordinary_weekday,ordinary_weekday,False,True,ordinary_weekday,"[""sifma_archivo.html""]",True,True,1049,1049,verified
2022-06-17,4,ordinary_weekday,ordinary_weekday,False,True,ordinary_weekday,"[""sifma_archivo.html""]",True,True,1048,1048,verified
2022-06-18,5,weekend,weekend,False,False,weekend,"[""sifma_archivo.html""]",False,False,,,verified
2022-06-19,6,weekend,weekend,False,False,weekend,"[""sifma_archivo.html""]",False,False,,,verified
2022-06-20,0,full_close,full_close,False,False,Juneteenth,"[""sifma_archivo.html""]",False,False,,,verified
2022-06-21,1,ordinary_weekday,ordinary_weekday,False,True,ordinary_weekday,"[""sifma_archivo.html""]",True,True,1047,1047,verified
2022-06-22,2,ordinary_weekday,ordinary_weekday,False,True,ordinary_weekday,"[""sifma_archivo.html""]",True,True,1046,1046,verified
2022-06-23,3,ordinary_weekday,ordinary_weekday,False,True,ordinary_weekday,"[""sifma_archivo.html""]",True,True,1045,1045,verified
2022-06-24,4,ordinary_weekday,ordinary_weekday,False,True,ordinary_weekday,"[""sifma_archivo.html""]",True,True,1044,1044,verified
2022-06-25,5,weekend,weekend,False,False,weekend,"[""sifma_archivo.html""]",False,False,,,verified
2022-06-26,6,weekend,weekend,False,False,weekend,"[""sifma_archivo.html""]",False,False,,,verified
2022-06-27,0,ordinary_weekday,ordinary_weekday,False,True,ordinary_weekday,"[""sifma_archivo.html""]",True,True,1043,1043,verified
2022-06-28,1,ordinary_weekday,ordinary_weekday,False,True,ordinary_weekday,"[""sifma_archivo.html""]",True,True,1042,1042,verified
2022-06-29,2,ordinary_weekday,ordinary_weekday,False,True,ordinary_weekday,"[""sifma_archivo.html""]",True,True,1041,1041,verified
2022-06-30,3,ordinary_weekday,ordinary_weekday,False,True,ordinary_weekday,"[""sifma_archivo.html""]",True,True,1040,1040,verified
2022-07-01,4,early_close,early_close,False,True,U.S. Independence Day,"[""sifma_archivo.html""]",True,True,1039,1039,verified
2022-07-02,5,weekend,weekend,False,False,weekend,"[""sifma_archivo.html""]",False,False,,,verified
2022-07-03,6,weekend,weekend,False,False,weekend,"[""sifma_archivo.html""]",False,False,,,verified
2022-07-04,0,full_close,full_close,False,False,U.S. Independence Day,"[""sifma_archivo.html""]",False,False,,,verified
2022-07-05,1,ordinary_weekday,ordinary_weekday,False,True,ordinary_weekday,"[""sifma_archivo.html""]",True,True,1038,1038,verified
2022-07-06,2,ordinary_weekday,ordinary_weekday,False,True,ordinary_weekday,"[""sifma_archivo.html""]",True,True,1037,1037,verified
2022-07-07,3,ordinary_weekday,ordinary_weekday,False,True,ordinary_weekday,"[""sifma_archivo.html""]",True,True,1036,1036,verified
2022-07-08,4,ordinary_weekday,ordinary_weekday,False,True,ordinary_weekday,"[""sifma_archivo.html""]",True,True,1035,1035,verified
2022-07-09,5,weekend,weekend,False,False,weekend,"[""sifma_archivo.html""]",False,False,,,verified
2022-07-10,6,weekend,weekend,False,False,weekend,"[""sifma_archivo.html""]",False,False,,,verified
2022-07-11,0,ordinary_weekday,ordinary_weekday,False,True,ordinary_weekday,"[""sifma_archivo.html""]",True,True,1034,1034,verified
2022-07-12,1,ordinary_weekday,ordinary_weekday,False,True,ordinary_weekday,"[""sifma_archivo.html""]",True,True,1033,1033,verified
2022-07-13,2,ordinary_weekday,ordinary_weekday,False,True,ordinary_weekday,"[""sifma_archivo.html""]",True,True,1032,1032,verified
2022-07-14,3,ordinary_weekday,ordinary_weekday,False,True,ordinary_weekday,"[""sifma_archivo.html""]",True,True,1031,1031,verified
2022-07-15,4,ordinary_weekday,ordinary_weekday,False,True,ordinary_weekday,"[""sifma_archivo.html""]",True,True,1030,1030,verified
2022-07-16,5,weekend,weekend,False,False,weekend,"[""sifma_archivo.html""]",False,False,,,verified
2022-07-17,6,weekend,weekend,False,False,weekend,"[""sifma_archivo.html""]",False,False,,,verified
2022-07-18,0,ordinary_weekday,ordinary_weekday,False,True,ordinary_weekday,"[""sifma_archivo.html""]",True,True,1029,1029,verified
2022-07-19,1,ordinary_weekday,ordinary_weekday,False,True,ordinary_weekday,"[""sifma_archivo.html""]",True,True,1028,1028,verified
2022-07-20,2,ordinary_weekday,ordinary_weekday,False,True,ordinary_weekday,"[""sifma_archivo.html""]",True,True,1027,1027,verified
2022-07-21,3,ordinary_weekday,ordinary_weekday,False,True,ordinary_weekday,"[""sifma_archivo.html""]",True,True,1026,1026,verified
2022-07-22,4,ordinary_weekday,ordinary_weekday,False,True,ordinary_weekday,"[""sifma_archivo.html""]",True,True,1025,1025,verified
2022-07-23,5,weekend,weekend,False,False,weekend,"[""sifma_archivo.html""]",False,False,,,verified
2022-07-24,6,weekend,weekend,False,False,weekend,"[""sifma_archivo.html""]",False,False,,,verified
2022-07-25,0,ordinary_weekday,ordinary_weekday,False,True,ordinary_weekday,"[""sifma_archivo.html""]",True,True,1024,1024,verified
2022-07-26,1,ordinary_weekday,ordinary_weekday,False,True,ordinary_weekday,"[""sifma_archivo.html""]",True,True,1023,1023,verified
2022-07-27,2,ordinary_weekday,ordinary_weekday,False,True,ordinary_weekday,"[""sifma_archivo.html""]",True,True,1022,1022,verified
2022-07-28,3,ordinary_weekday,ordinary_weekday,False,True,ordinary_weekday,"[""sifma_archivo.html""]",True,True,1021,1021,verified
2022-07-29,4,ordinary_weekday,ordinary_weekday,False,True,ordinary_weekday,"[""sifma_archivo.html""]",True,True,1020,1020,verified
2022-07-30,5,weekend,weekend,False,False,weekend,"[""sifma_archivo.html""]",False,False,,,verified
2022-07-31,6,weekend,weekend,False,False,weekend,"[""sifma_archivo.html""]",False,False,,,verified
2022-08-01,0,ordinary_weekday,ordinary_weekday,False,True,ordinary_weekday,"[""sifma_archivo.html""]",True,True,1019,1019,verified
2022-08-02,1,ordinary_weekday,ordinary_weekday,False,True,ordinary_weekday,"[""sifma_archivo.html""]",True,True,1018,1018,verified
2022-08-03,2,ordinary_weekday,ordinary_weekday,False,True,ordinary_weekday,"[""sifma_archivo.html""]",True,True,1017,1017,verified
2022-08-04,3,ordinary_weekday,ordinary_weekday,False,True,ordinary_weekday,"[""sifma_archivo.html""]",True,True,1016,1016,verified
2022-08-05,4,ordinary_weekday,ordinary_weekday,False,True,ordinary_weekday,"[""sifma_archivo.html""]",True,True,1015,1015,verified
2022-08-06,5,weekend,weekend,False,False,weekend,"[""sifma_archivo.html""]",False,False,,,verified
2022-08-07,6,weekend,weekend,False,False,weekend,"[""sifma_archivo.html""]",False,False,,,verified
2022-08-08,0,ordinary_weekday,ordinary_weekday,False,True,ordinary_weekday,"[""sifma_archivo.html""]",True,True,1014,1014,verified
2022-08-09,1,ordinary_weekday,ordinary_weekday,False,True,ordinary_weekday,"[""sifma_archivo.html""]",True,True,1013,1013,verified
2022-08-10,2,ordinary_weekday,ordinary_weekday,False,True,ordinary_weekday,"[""sifma_archivo.html""]",True,True,1012,1012,verified
2022-08-11,3,ordinary_weekday,ordinary_weekday,False,True,ordinary_weekday,"[""sifma_archivo.html""]",True,True,1011,1011,verified
2022-08-12,4,ordinary_weekday,ordinary_weekday,False,True,ordinary_weekday,"[""sifma_archivo.html""]",True,True,1010,1010,verified
2022-08-13,5,weekend,weekend,False,False,weekend,"[""sifma_archivo.html""]",False,False,,,verified
2022-08-14,6,weekend,weekend,False,False,weekend,"[""sifma_archivo.html""]",False,False,,,verified
2022-08-15,0,ordinary_weekday,ordinary_weekday,False,True,ordinary_weekday,"[""sifma_archivo.html""]",True,True,1009,1009,verified
2022-08-16,1,ordinary_weekday,ordinary_weekday,False,True,ordinary_weekday,"[""sifma_archivo.html""]",True,True,1008,1008,verified
2022-08-17,2,ordinary_weekday,ordinary_weekday,False,True,ordinary_weekday,"[""sifma_archivo.html""]",True,True,1007,1007,verified
2022-08-18,3,ordinary_weekday,ordinary_weekday,False,True,ordinary_weekday,"[""sifma_archivo.html""]",True,True,1006,1006,verified
2022-08-19,4,ordinary_weekday,ordinary_weekday,False,True,ordinary_weekday,"[""sifma_archivo.html""]",True,True,1005,1005,verified
2022-08-20,5,weekend,weekend,False,False,weekend,"[""sifma_archivo.html""]",False,False,,,verified
2022-08-21,6,weekend,weekend,False,False,weekend,"[""sifma_archivo.html""]",False,False,,,verified
2022-08-22,0,ordinary_weekday,ordinary_weekday,False,True,ordinary_weekday,"[""sifma_archivo.html""]",True,True,1004,1004,verified
2022-08-23,1,ordinary_weekday,ordinary_weekday,False,True,ordinary_weekday,"[""sifma_archivo.html""]",True,True,1003,1003,verified
2022-08-24,2,ordinary_weekday,ordinary_weekday,False,True,ordinary_weekday,"[""sifma_archivo.html""]",True,True,1002,1002,verified
2022-08-25,3,ordinary_weekday,ordinary_weekday,False,True,ordinary_weekday,"[""sifma_archivo.html""]",True,True,1001,1001,verified
2022-08-26,4,ordinary_weekday,ordinary_weekday,False,True,ordinary_weekday,"[""sifma_archivo.html""]",True,True,1000,1000,verified
2022-08-27,5,weekend,weekend,False,False,weekend,"[""sifma_archivo.html""]",False,False,,,verified
2022-08-28,6,weekend,weekend,False,False,weekend,"[""sifma_archivo.html""]",False,False,,,verified
2022-08-29,0,ordinary_weekday,ordinary_weekday,False,True,ordinary_weekday,"[""sifma_archivo.html""]",True,True,999,999,verified
2022-08-30,1,ordinary_weekday,ordinary_weekday,False,True,ordinary_weekday,"[""sifma_archivo.html""]",True,True,998,998,verified
2022-08-31,2,ordinary_weekday,ordinary_weekday,False,True,ordinary_weekday,"[""sifma_archivo.html""]",True,True,997,997,verified
2022-09-01,3,ordinary_weekday,ordinary_weekday,False,True,ordinary_weekday,"[""sifma_archivo.html""]",True,True,996,996,verified
2022-09-02,4,ordinary_weekday,ordinary_weekday,False,True,ordinary_weekday,"[""sifma_archivo.html""]",True,True,995,995,verified
2022-09-03,5,weekend,weekend,False,False,weekend,"[""sifma_archivo.html""]",False,False,,,verified
2022-09-04,6,weekend,weekend,False,False,weekend,"[""sifma_archivo.html""]",False,False,,,verified
2022-09-05,0,full_close,full_close,False,False,Labor Day,"[""sifma_archivo.html""]",False,False,,,verified
2022-09-06,1,ordinary_weekday,ordinary_weekday,False,True,ordinary_weekday,"[""sifma_archivo.html""]",True,True,994,994,verified
2022-09-07,2,ordinary_weekday,ordinary_weekday,False,True,ordinary_weekday,"[""sifma_archivo.html""]",True,True,993,993,verified
2022-09-08,3,ordinary_weekday,ordinary_weekday,False,True,ordinary_weekday,"[""sifma_archivo.html""]",True,True,992,992,verified
2022-09-09,4,ordinary_weekday,ordinary_weekday,False,True,ordinary_weekday,"[""sifma_archivo.html""]",True,True,991,991,verified
2022-09-10,5,weekend,weekend,False,False,weekend,"[""sifma_archivo.html""]",False,False,,,verified
2022-09-11,6,weekend,weekend,False,False,weekend,"[""sifma_archivo.html""]",False,False,,,verified
2022-09-12,0,ordinary_weekday,ordinary_weekday,False,True,ordinary_weekday,"[""sifma_archivo.html""]",True,True,990,990,verified
2022-09-13,1,ordinary_weekday,ordinary_weekday,False,True,ordinary_weekday,"[""sifma_archivo.html""]",True,True,989,989,verified
2022-09-14,2,ordinary_weekday,ordinary_weekday,False,True,ordinary_weekday,"[""sifma_archivo.html""]",True,True,988,988,verified
2022-09-15,3,ordinary_weekday,ordinary_weekday,False,True,ordinary_weekday,"[""sifma_archivo.html""]",True,True,987,987,verified
2022-09-16,4,ordinary_weekday,ordinary_weekday,False,True,ordinary_weekday,"[""sifma_archivo.html""]",True,True,986,986,verified
2022-09-17,5,weekend,weekend,False,False,weekend,"[""sifma_archivo.html""]",False,False,,,verified
2022-09-18,6,weekend,weekend,False,False,weekend,"[""sifma_archivo.html""]",False,False,,,verified
2022-09-19,0,ordinary_weekday,ordinary_weekday,False,True,ordinary_weekday,"[""sifma_archivo.html""]",True,True,985,985,verified
2022-09-20,1,ordinary_weekday,ordinary_weekday,False,True,ordinary_weekday,"[""sifma_archivo.html""]",True,True,984,984,verified
2022-09-21,2,ordinary_weekday,ordinary_weekday,False,True,ordinary_weekday,"[""sifma_archivo.html""]",True,True,983,983,verified
2022-09-22,3,ordinary_weekday,ordinary_weekday,False,True,ordinary_weekday,"[""sifma_archivo.html""]",True,True,982,982,verified
2022-09-23,4,ordinary_weekday,ordinary_weekday,False,True,ordinary_weekday,"[""sifma_archivo.html""]",True,True,981,981,verified
2022-09-24,5,weekend,weekend,False,False,weekend,"[""sifma_archivo.html""]",False,False,,,verified
2022-09-25,6,weekend,weekend,False,False,weekend,"[""sifma_archivo.html""]",False,False,,,verified
2022-09-26,0,ordinary_weekday,ordinary_weekday,False,True,ordinary_weekday,"[""sifma_archivo.html""]",True,True,980,980,verified
2022-09-27,1,ordinary_weekday,ordinary_weekday,False,True,ordinary_weekday,"[""sifma_archivo.html""]",True,True,979,979,verified
2022-09-28,2,ordinary_weekday,ordinary_weekday,False,True,ordinary_weekday,"[""sifma_archivo.html""]",True,True,978,978,verified
2022-09-29,3,ordinary_weekday,ordinary_weekday,False,True,ordinary_weekday,"[""sifma_archivo.html""]",True,True,977,977,verified
2022-09-30,4,ordinary_weekday,ordinary_weekday,False,True,ordinary_weekday,"[""sifma_archivo.html""]",True,True,976,976,verified
2022-10-01,5,weekend,weekend,False,False,weekend,"[""sifma_archivo.html""]",False,False,,,verified
2022-10-02,6,weekend,weekend,False,False,weekend,"[""sifma_archivo.html""]",False,False,,,verified
2022-10-03,0,ordinary_weekday,ordinary_weekday,False,True,ordinary_weekday,"[""sifma_archivo.html""]",True,True,975,975,verified
2022-10-04,1,ordinary_weekday,ordinary_weekday,False,True,ordinary_weekday,"[""sifma_archivo.html""]",True,True,974,974,verified
2022-10-05,2,ordinary_weekday,ordinary_weekday,False,True,ordinary_weekday,"[""sifma_archivo.html""]",True,True,973,973,verified
2022-10-06,3,ordinary_weekday,ordinary_weekday,False,True,ordinary_weekday,"[""sifma_archivo.html""]",True,True,972,972,verified
2022-10-07,4,ordinary_weekday,ordinary_weekday,False,True,ordinary_weekday,"[""sifma_archivo.html""]",True,True,971,971,verified
2022-10-08,5,weekend,weekend,False,False,weekend,"[""sifma_archivo.html""]",False,False,,,verified
2022-10-09,6,weekend,weekend,False,False,weekend,"[""sifma_archivo.html""]",False,False,,,verified
2022-10-10,0,full_close,full_close,False,False,Columbus Day,"[""sifma_archivo.html""]",False,False,,,verified
2022-10-11,1,ordinary_weekday,ordinary_weekday,False,True,ordinary_weekday,"[""sifma_archivo.html""]",True,True,970,970,verified
2022-10-12,2,ordinary_weekday,ordinary_weekday,False,True,ordinary_weekday,"[""sifma_archivo.html""]",True,True,969,969,verified
2022-10-13,3,ordinary_weekday,ordinary_weekday,False,True,ordinary_weekday,"[""sifma_archivo.html""]",True,True,968,968,verified
2022-10-14,4,ordinary_weekday,ordinary_weekday,False,True,ordinary_weekday,"[""sifma_archivo.html""]",True,True,967,967,verified
2022-10-15,5,weekend,weekend,False,False,weekend,"[""sifma_archivo.html""]",False,False,,,verified
2022-10-16,6,weekend,weekend,False,False,weekend,"[""sifma_archivo.html""]",False,False,,,verified
2022-10-17,0,ordinary_weekday,ordinary_weekday,False,True,ordinary_weekday,"[""sifma_archivo.html""]",True,True,966,966,verified
2022-10-18,1,ordinary_weekday,ordinary_weekday,False,True,ordinary_weekday,"[""sifma_archivo.html""]",True,True,965,965,verified
2022-10-19,2,ordinary_weekday,ordinary_weekday,False,True,ordinary_weekday,"[""sifma_archivo.html""]",True,True,964,964,verified
2022-10-20,3,ordinary_weekday,ordinary_weekday,False,True,ordinary_weekday,"[""sifma_archivo.html""]",True,True,963,963,verified
2022-10-21,4,ordinary_weekday,ordinary_weekday,False,True,ordinary_weekday,"[""sifma_archivo.html""]",True,True,962,962,verified
2022-10-22,5,weekend,weekend,False,False,weekend,"[""sifma_archivo.html""]",False,False,,,verified
2022-10-23,6,weekend,weekend,False,False,weekend,"[""sifma_archivo.html""]",False,False,,,verified
2022-10-24,0,ordinary_weekday,ordinary_weekday,False,True,ordinary_weekday,"[""sifma_archivo.html""]",True,True,961,961,verified
2022-10-25,1,ordinary_weekday,ordinary_weekday,False,True,ordinary_weekday,"[""sifma_archivo.html""]",True,True,960,960,verified
2022-10-26,2,ordinary_weekday,ordinary_weekday,False,True,ordinary_weekday,"[""sifma_archivo.html""]",True,True,959,959,verified
2022-10-27,3,ordinary_weekday,ordinary_weekday,False,True,ordinary_weekday,"[""sifma_archivo.html""]",True,True,958,958,verified
2022-10-28,4,ordinary_weekday,ordinary_weekday,False,True,ordinary_weekday,"[""sifma_archivo.html""]",True,True,957,957,verified
2022-10-29,5,weekend,weekend,False,False,weekend,"[""sifma_archivo.html""]",False,False,,,verified
2022-10-30,6,weekend,weekend,False,False,weekend,"[""sifma_archivo.html""]",False,False,,,verified
2022-10-31,0,ordinary_weekday,ordinary_weekday,False,True,ordinary_weekday,"[""sifma_archivo.html""]",True,True,956,956,verified
2022-11-01,1,ordinary_weekday,ordinary_weekday,False,True,ordinary_weekday,"[""sifma_archivo.html""]",True,True,955,955,verified
2022-11-02,2,ordinary_weekday,ordinary_weekday,False,True,ordinary_weekday,"[""sifma_archivo.html""]",True,True,954,954,verified
2022-11-03,3,ordinary_weekday,ordinary_weekday,False,True,ordinary_weekday,"[""sifma_archivo.html""]",True,True,953,953,verified
2022-11-04,4,ordinary_weekday,ordinary_weekday,False,True,ordinary_weekday,"[""sifma_archivo.html""]",True,True,952,952,verified
2022-11-05,5,weekend,weekend,False,False,weekend,"[""sifma_archivo.html""]",False,False,,,verified
2022-11-06,6,weekend,weekend,False,False,weekend,"[""sifma_archivo.html""]",False,False,,,verified
2022-11-07,0,ordinary_weekday,ordinary_weekday,False,True,ordinary_weekday,"[""sifma_archivo.html""]",True,True,951,951,verified
2022-11-08,1,ordinary_weekday,ordinary_weekday,False,True,ordinary_weekday,"[""sifma_archivo.html""]",True,True,950,950,verified
2022-11-09,2,ordinary_weekday,ordinary_weekday,False,True,ordinary_weekday,"[""sifma_archivo.html""]",True,True,949,949,verified
2022-11-10,3,ordinary_weekday,ordinary_weekday,False,True,ordinary_weekday,"[""sifma_archivo.html""]",True,True,948,948,verified
2022-11-11,4,full_close,full_close,False,False,Veterans Day,"[""sifma_archivo.html""]",False,False,,,verified
2022-11-12,5,weekend,weekend,False,False,weekend,"[""sifma_archivo.html""]",False,False,,,verified
2022-11-13,6,weekend,weekend,False,False,weekend,"[""sifma_archivo.html""]",False,False,,,verified
2022-11-14,0,ordinary_weekday,ordinary_weekday,False,True,ordinary_weekday,"[""sifma_archivo.html""]",True,True,947,947,verified
2022-11-15,1,ordinary_weekday,ordinary_weekday,False,True,ordinary_weekday,"[""sifma_archivo.html""]",True,True,946,946,verified
2022-11-16,2,ordinary_weekday,ordinary_weekday,False,True,ordinary_weekday,"[""sifma_archivo.html""]",True,True,945,945,verified
2022-11-17,3,ordinary_weekday,ordinary_weekday,False,True,ordinary_weekday,"[""sifma_archivo.html""]",True,True,944,944,verified
2022-11-18,4,ordinary_weekday,ordinary_weekday,False,True,ordinary_weekday,"[""sifma_archivo.html""]",True,True,943,943,verified
2022-11-19,5,weekend,weekend,False,False,weekend,"[""sifma_archivo.html""]",False,False,,,verified
2022-11-20,6,weekend,weekend,False,False,weekend,"[""sifma_archivo.html""]",False,False,,,verified
2022-11-21,0,ordinary_weekday,ordinary_weekday,False,True,ordinary_weekday,"[""sifma_archivo.html""]",True,True,942,942,verified
2022-11-22,1,ordinary_weekday,ordinary_weekday,False,True,ordinary_weekday,"[""sifma_archivo.html""]",True,True,941,941,verified
2022-11-23,2,ordinary_weekday,ordinary_weekday,False,True,ordinary_weekday,"[""sifma_archivo.html""]",True,True,940,940,verified
2022-11-24,3,full_close,full_close,False,False,Thanksgiving Day,"[""sifma_archivo.html""]",False,False,,,verified
2022-11-25,4,early_close,early_close,False,True,Thanksgiving Day,"[""sifma_archivo.html""]",True,True,939,939,verified
2022-11-26,5,weekend,weekend,False,False,weekend,"[""sifma_archivo.html""]",False,False,,,verified
2022-11-27,6,weekend,weekend,False,False,weekend,"[""sifma_archivo.html""]",False,False,,,verified
2022-11-28,0,ordinary_weekday,ordinary_weekday,False,True,ordinary_weekday,"[""sifma_archivo.html""]",True,True,938,938,verified
2022-11-29,1,ordinary_weekday,ordinary_weekday,False,True,ordinary_weekday,"[""sifma_archivo.html""]",True,True,937,937,verified
2022-11-30,2,ordinary_weekday,ordinary_weekday,False,True,ordinary_weekday,"[""sifma_archivo.html""]",True,True,936,936,verified
2022-12-01,3,ordinary_weekday,ordinary_weekday,False,True,ordinary_weekday,"[""sifma_archivo.html""]",True,True,935,935,verified
2022-12-02,4,ordinary_weekday,ordinary_weekday,False,True,ordinary_weekday,"[""sifma_archivo.html""]",True,True,934,934,verified
2022-12-03,5,weekend,weekend,False,False,weekend,"[""sifma_archivo.html""]",False,False,,,verified
2022-12-04,6,weekend,weekend,False,False,weekend,"[""sifma_archivo.html""]",False,False,,,verified
2022-12-05,0,ordinary_weekday,ordinary_weekday,False,True,ordinary_weekday,"[""sifma_archivo.html""]",True,True,933,933,verified
2022-12-06,1,ordinary_weekday,ordinary_weekday,False,True,ordinary_weekday,"[""sifma_archivo.html""]",True,True,932,932,verified
2022-12-07,2,ordinary_weekday,ordinary_weekday,False,True,ordinary_weekday,"[""sifma_archivo.html""]",True,True,931,931,verified
2022-12-08,3,ordinary_weekday,ordinary_weekday,False,True,ordinary_weekday,"[""sifma_archivo.html""]",True,True,930,930,verified
2022-12-09,4,ordinary_weekday,ordinary_weekday,False,True,ordinary_weekday,"[""sifma_archivo.html""]",True,True,929,929,verified
2022-12-10,5,weekend,weekend,False,False,weekend,"[""sifma_archivo.html""]",False,False,,,verified
2022-12-11,6,weekend,weekend,False,False,weekend,"[""sifma_archivo.html""]",False,False,,,verified
2022-12-12,0,ordinary_weekday,ordinary_weekday,False,True,ordinary_weekday,"[""sifma_archivo.html""]",True,True,928,928,verified
2022-12-13,1,ordinary_weekday,ordinary_weekday,False,True,ordinary_weekday,"[""sifma_archivo.html""]",True,True,927,927,verified
2022-12-14,2,ordinary_weekday,ordinary_weekday,False,True,ordinary_weekday,"[""sifma_archivo.html""]",True,True,926,926,verified
2022-12-15,3,ordinary_weekday,ordinary_weekday,False,True,ordinary_weekday,"[""sifma_archivo.html""]",True,True,925,925,verified
2022-12-16,4,ordinary_weekday,ordinary_weekday,False,True,ordinary_weekday,"[""sifma_archivo.html""]",True,True,924,924,verified
2022-12-17,5,weekend,weekend,False,False,weekend,"[""sifma_archivo.html""]",False,False,,,verified
2022-12-18,6,weekend,weekend,False,False,weekend,"[""sifma_archivo.html""]",False,False,,,verified
2022-12-19,0,ordinary_weekday,ordinary_weekday,False,True,ordinary_weekday,"[""sifma_archivo.html""]",True,True,923,923,verified
2022-12-20,1,ordinary_weekday,ordinary_weekday,False,True,ordinary_weekday,"[""sifma_archivo.html""]",True,True,922,922,verified
2022-12-21,2,ordinary_weekday,ordinary_weekday,False,True,ordinary_weekday,"[""sifma_archivo.html""]",True,True,921,921,verified
2022-12-22,3,ordinary_weekday,ordinary_weekday,False,True,ordinary_weekday,"[""sifma_archivo.html""]",True,True,920,920,verified
2022-12-23,4,early_close,early_close,False,True,Christmas Day,"[""sifma_archivo.html""]",True,True,919,919,verified
2022-12-24,5,weekend,weekend,False,False,weekend,"[""sifma_archivo.html""]",False,False,,,verified
2022-12-25,6,weekend,weekend,False,False,weekend,"[""sifma_archivo.html""]",False,False,,,verified
2022-12-26,0,full_close,full_close,False,False,Christmas Day,"[""sifma_archivo.html""]",False,False,,,verified
2022-12-27,1,ordinary_weekday,ordinary_weekday,False,True,ordinary_weekday,"[""sifma_archivo.html""]",True,True,918,918,verified
2022-12-28,2,ordinary_weekday,ordinary_weekday,False,True,ordinary_weekday,"[""sifma_archivo.html""]",True,True,917,917,verified
2022-12-29,3,ordinary_weekday,ordinary_weekday,False,True,ordinary_weekday,"[""sifma_archivo.html""]",True,True,916,916,verified
2022-12-30,4,early_close,early_close,False,True,New Year's Day 2022/2023,"[""sifma_archivo.html""]",True,True,915,915,verified
2022-12-31,5,weekend,weekend,False,False,weekend,"[""sifma_archivo.html""]",False,False,,,verified
2023-01-01,6,weekend,weekend,False,False,weekend,"[""sifma_archivo.html""]",False,False,,,verified
2023-01-02,0,full_close,full_close,False,False,New Year's Day 2022/2023,"[""sifma_archivo.html""]",False,False,,,verified
2023-01-03,1,ordinary_weekday,ordinary_weekday,False,True,ordinary_weekday,"[""sifma_archivo.html""]",True,True,914,914,verified
2023-01-04,2,ordinary_weekday,ordinary_weekday,False,True,ordinary_weekday,"[""sifma_archivo.html""]",True,True,913,913,verified
2023-01-05,3,ordinary_weekday,ordinary_weekday,False,True,ordinary_weekday,"[""sifma_archivo.html""]",True,True,912,912,verified
2023-01-06,4,ordinary_weekday,ordinary_weekday,False,True,ordinary_weekday,"[""sifma_archivo.html""]",True,True,911,911,verified
2023-01-07,5,weekend,weekend,False,False,weekend,"[""sifma_archivo.html""]",False,False,,,verified
2023-01-08,6,weekend,weekend,False,False,weekend,"[""sifma_archivo.html""]",False,False,,,verified
2023-01-09,0,ordinary_weekday,ordinary_weekday,False,True,ordinary_weekday,"[""sifma_archivo.html""]",True,True,910,910,verified
2023-01-10,1,ordinary_weekday,ordinary_weekday,False,True,ordinary_weekday,"[""sifma_archivo.html""]",True,True,909,909,verified
2023-01-11,2,ordinary_weekday,ordinary_weekday,False,True,ordinary_weekday,"[""sifma_archivo.html""]",True,True,908,908,verified
2023-01-12,3,ordinary_weekday,ordinary_weekday,False,True,ordinary_weekday,"[""sifma_archivo.html""]",True,True,907,907,verified
2023-01-13,4,ordinary_weekday,ordinary_weekday,False,True,ordinary_weekday,"[""sifma_archivo.html""]",True,True,906,906,verified
2023-01-14,5,weekend,weekend,False,False,weekend,"[""sifma_archivo.html""]",False,False,,,verified
2023-01-15,6,weekend,weekend,False,False,weekend,"[""sifma_archivo.html""]",False,False,,,verified
2023-01-16,0,full_close,full_close,False,False,Martin Luther King Day,"[""sifma_archivo.html""]",False,False,,,verified
2023-01-17,1,ordinary_weekday,ordinary_weekday,False,True,ordinary_weekday,"[""sifma_archivo.html""]",True,True,905,905,verified
2023-01-18,2,ordinary_weekday,ordinary_weekday,False,True,ordinary_weekday,"[""sifma_archivo.html""]",True,True,904,904,verified
2023-01-19,3,ordinary_weekday,ordinary_weekday,False,True,ordinary_weekday,"[""sifma_archivo.html""]",True,True,903,903,verified
2023-01-20,4,ordinary_weekday,ordinary_weekday,False,True,ordinary_weekday,"[""sifma_archivo.html""]",True,True,902,902,verified
2023-01-21,5,weekend,weekend,False,False,weekend,"[""sifma_archivo.html""]",False,False,,,verified
2023-01-22,6,weekend,weekend,False,False,weekend,"[""sifma_archivo.html""]",False,False,,,verified
2023-01-23,0,ordinary_weekday,ordinary_weekday,False,True,ordinary_weekday,"[""sifma_archivo.html""]",True,True,901,901,verified
2023-01-24,1,ordinary_weekday,ordinary_weekday,False,True,ordinary_weekday,"[""sifma_archivo.html""]",True,True,900,900,verified
2023-01-25,2,ordinary_weekday,ordinary_weekday,False,True,ordinary_weekday,"[""sifma_archivo.html""]",True,True,899,899,verified
2023-01-26,3,ordinary_weekday,ordinary_weekday,False,True,ordinary_weekday,"[""sifma_archivo.html""]",True,True,898,898,verified
2023-01-27,4,ordinary_weekday,ordinary_weekday,False,True,ordinary_weekday,"[""sifma_archivo.html""]",True,True,897,897,verified
2023-01-28,5,weekend,weekend,False,False,weekend,"[""sifma_archivo.html""]",False,False,,,verified
2023-01-29,6,weekend,weekend,False,False,weekend,"[""sifma_archivo.html""]",False,False,,,verified
2023-01-30,0,ordinary_weekday,ordinary_weekday,False,True,ordinary_weekday,"[""sifma_archivo.html""]",True,True,896,896,verified
2023-01-31,1,ordinary_weekday,ordinary_weekday,False,True,ordinary_weekday,"[""sifma_archivo.html""]",True,True,895,895,verified
2023-02-01,2,ordinary_weekday,ordinary_weekday,False,True,ordinary_weekday,"[""sifma_archivo.html""]",True,True,894,894,verified
2023-02-02,3,ordinary_weekday,ordinary_weekday,False,True,ordinary_weekday,"[""sifma_archivo.html""]",True,True,893,893,verified
2023-02-03,4,ordinary_weekday,ordinary_weekday,False,True,ordinary_weekday,"[""sifma_archivo.html""]",True,True,892,892,verified
2023-02-04,5,weekend,weekend,False,False,weekend,"[""sifma_archivo.html""]",False,False,,,verified
2023-02-05,6,weekend,weekend,False,False,weekend,"[""sifma_archivo.html""]",False,False,,,verified
2023-02-06,0,ordinary_weekday,ordinary_weekday,False,True,ordinary_weekday,"[""sifma_archivo.html""]",True,True,891,891,verified
2023-02-07,1,ordinary_weekday,ordinary_weekday,False,True,ordinary_weekday,"[""sifma_archivo.html""]",True,True,890,890,verified
2023-02-08,2,ordinary_weekday,ordinary_weekday,False,True,ordinary_weekday,"[""sifma_archivo.html""]",True,True,889,889,verified
2023-02-09,3,ordinary_weekday,ordinary_weekday,False,True,ordinary_weekday,"[""sifma_archivo.html""]",True,True,888,888,verified
2023-02-10,4,ordinary_weekday,ordinary_weekday,False,True,ordinary_weekday,"[""sifma_archivo.html""]",True,True,887,887,verified
2023-02-11,5,weekend,weekend,False,False,weekend,"[""sifma_archivo.html""]",False,False,,,verified
2023-02-12,6,weekend,weekend,False,False,weekend,"[""sifma_archivo.html""]",False,False,,,verified
2023-02-13,0,ordinary_weekday,ordinary_weekday,False,True,ordinary_weekday,"[""sifma_archivo.html""]",True,True,886,886,verified
2023-02-14,1,ordinary_weekday,ordinary_weekday,False,True,ordinary_weekday,"[""sifma_archivo.html""]",True,True,885,885,verified
2023-02-15,2,ordinary_weekday,ordinary_weekday,False,True,ordinary_weekday,"[""sifma_archivo.html""]",True,True,884,884,verified
2023-02-16,3,ordinary_weekday,ordinary_weekday,False,True,ordinary_weekday,"[""sifma_archivo.html""]",True,True,883,883,verified
2023-02-17,4,ordinary_weekday,ordinary_weekday,False,True,ordinary_weekday,"[""sifma_archivo.html""]",True,True,882,882,verified
2023-02-18,5,weekend,weekend,False,False,weekend,"[""sifma_archivo.html""]",False,False,,,verified
2023-02-19,6,weekend,weekend,False,False,weekend,"[""sifma_archivo.html""]",False,False,,,verified
2023-02-20,0,full_close,full_close,False,False,Presidents Day,"[""sifma_archivo.html""]",False,False,,,verified
2023-02-21,1,ordinary_weekday,ordinary_weekday,False,True,ordinary_weekday,"[""sifma_archivo.html""]",True,True,881,881,verified
2023-02-22,2,ordinary_weekday,ordinary_weekday,False,True,ordinary_weekday,"[""sifma_archivo.html""]",True,True,880,880,verified
2023-02-23,3,ordinary_weekday,ordinary_weekday,False,True,ordinary_weekday,"[""sifma_archivo.html""]",True,True,879,879,verified
2023-02-24,4,ordinary_weekday,ordinary_weekday,False,True,ordinary_weekday,"[""sifma_archivo.html""]",True,True,878,878,verified
2023-02-25,5,weekend,weekend,False,False,weekend,"[""sifma_archivo.html""]",False,False,,,verified
2023-02-26,6,weekend,weekend,False,False,weekend,"[""sifma_archivo.html""]",False,False,,,verified
2023-02-27,0,ordinary_weekday,ordinary_weekday,False,True,ordinary_weekday,"[""sifma_archivo.html""]",True,True,877,877,verified
2023-02-28,1,ordinary_weekday,ordinary_weekday,False,True,ordinary_weekday,"[""sifma_archivo.html""]",True,True,876,876,verified
2023-03-01,2,ordinary_weekday,ordinary_weekday,False,True,ordinary_weekday,"[""sifma_archivo.html""]",True,True,875,875,verified
2023-03-02,3,ordinary_weekday,ordinary_weekday,False,True,ordinary_weekday,"[""sifma_archivo.html""]",True,True,874,874,verified
2023-03-03,4,ordinary_weekday,ordinary_weekday,False,True,ordinary_weekday,"[""sifma_archivo.html""]",True,True,873,873,verified
2023-03-04,5,weekend,weekend,False,False,weekend,"[""sifma_archivo.html""]",False,False,,,verified
2023-03-05,6,weekend,weekend,False,False,weekend,"[""sifma_archivo.html""]",False,False,,,verified
2023-03-06,0,ordinary_weekday,ordinary_weekday,False,True,ordinary_weekday,"[""sifma_archivo.html""]",True,True,872,872,verified
2023-03-07,1,ordinary_weekday,ordinary_weekday,False,True,ordinary_weekday,"[""sifma_archivo.html""]",True,True,871,871,verified
2023-03-08,2,ordinary_weekday,ordinary_weekday,False,True,ordinary_weekday,"[""sifma_archivo.html""]",True,True,870,870,verified
2023-03-09,3,ordinary_weekday,ordinary_weekday,False,True,ordinary_weekday,"[""sifma_archivo.html""]",True,True,869,869,verified
2023-03-10,4,ordinary_weekday,ordinary_weekday,False,True,ordinary_weekday,"[""sifma_archivo.html""]",True,True,868,868,verified
2023-03-11,5,weekend,weekend,False,False,weekend,"[""sifma_archivo.html""]",False,False,,,verified
2023-03-12,6,weekend,weekend,False,False,weekend,"[""sifma_archivo.html""]",False,False,,,verified
2023-03-13,0,ordinary_weekday,ordinary_weekday,False,True,ordinary_weekday,"[""sifma_archivo.html""]",True,True,867,867,verified
2023-03-14,1,ordinary_weekday,ordinary_weekday,False,True,ordinary_weekday,"[""sifma_archivo.html""]",True,True,866,866,verified
2023-03-15,2,ordinary_weekday,ordinary_weekday,False,True,ordinary_weekday,"[""sifma_archivo.html""]",True,True,865,865,verified
2023-03-16,3,ordinary_weekday,ordinary_weekday,False,True,ordinary_weekday,"[""sifma_archivo.html""]",True,True,864,864,verified
2023-03-17,4,ordinary_weekday,ordinary_weekday,False,True,ordinary_weekday,"[""sifma_archivo.html""]",True,True,863,863,verified
2023-03-18,5,weekend,weekend,False,False,weekend,"[""sifma_archivo.html""]",False,False,,,verified
2023-03-19,6,weekend,weekend,False,False,weekend,"[""sifma_archivo.html""]",False,False,,,verified
2023-03-20,0,ordinary_weekday,ordinary_weekday,False,True,ordinary_weekday,"[""sifma_archivo.html""]",True,True,862,862,verified
2023-03-21,1,ordinary_weekday,ordinary_weekday,False,True,ordinary_weekday,"[""sifma_archivo.html""]",True,True,861,861,verified
2023-03-22,2,ordinary_weekday,ordinary_weekday,False,True,ordinary_weekday,"[""sifma_archivo.html""]",True,True,860,860,verified
2023-03-23,3,ordinary_weekday,ordinary_weekday,False,True,ordinary_weekday,"[""sifma_archivo.html""]",True,True,859,859,verified
2023-03-24,4,ordinary_weekday,ordinary_weekday,False,True,ordinary_weekday,"[""sifma_archivo.html""]",True,True,858,858,verified
2023-03-25,5,weekend,weekend,False,False,weekend,"[""sifma_archivo.html""]",False,False,,,verified
2023-03-26,6,weekend,weekend,False,False,weekend,"[""sifma_archivo.html""]",False,False,,,verified
2023-03-27,0,ordinary_weekday,ordinary_weekday,False,True,ordinary_weekday,"[""sifma_archivo.html""]",True,True,857,857,verified
2023-03-28,1,ordinary_weekday,ordinary_weekday,False,True,ordinary_weekday,"[""sifma_archivo.html""]",True,True,856,856,verified
2023-03-29,2,ordinary_weekday,ordinary_weekday,False,True,ordinary_weekday,"[""sifma_archivo.html""]",True,True,855,855,verified
2023-03-30,3,ordinary_weekday,ordinary_weekday,False,True,ordinary_weekday,"[""sifma_archivo.html""]",True,True,854,854,verified
2023-03-31,4,ordinary_weekday,ordinary_weekday,False,True,ordinary_weekday,"[""sifma_archivo.html""]",True,True,853,853,verified
2023-04-01,5,weekend,weekend,False,False,weekend,"[""sifma_archivo.html""]",False,False,,,verified
2023-04-02,6,weekend,weekend,False,False,weekend,"[""sifma_archivo.html""]",False,False,,,verified
2023-04-03,0,ordinary_weekday,ordinary_weekday,False,True,ordinary_weekday,"[""sifma_archivo.html""]",True,True,852,852,verified
2023-04-04,1,ordinary_weekday,ordinary_weekday,False,True,ordinary_weekday,"[""sifma_archivo.html""]",True,True,851,851,verified
2023-04-05,2,ordinary_weekday,ordinary_weekday,False,True,ordinary_weekday,"[""sifma_archivo.html""]",True,True,850,850,verified
2023-04-06,3,ordinary_weekday,ordinary_weekday,False,True,ordinary_weekday,"[""sifma_archivo.html""]",True,True,849,849,verified
2023-04-07,4,early_close,early_close,True,False,NY Fed repo holiday exception despite SIFMA early close,"[""sifma_archivo.html"",""nyfed_excepcion_2023.html""]",False,False,,,verified
2023-04-08,5,weekend,weekend,False,False,weekend,"[""sifma_archivo.html""]",False,False,,,verified
2023-04-09,6,weekend,weekend,False,False,weekend,"[""sifma_archivo.html""]",False,False,,,verified
2023-04-10,0,ordinary_weekday,ordinary_weekday,False,True,ordinary_weekday,"[""sifma_archivo.html""]",True,True,848,848,verified
2023-04-11,1,ordinary_weekday,ordinary_weekday,False,True,ordinary_weekday,"[""sifma_archivo.html""]",True,True,847,847,verified
2023-04-12,2,ordinary_weekday,ordinary_weekday,False,True,ordinary_weekday,"[""sifma_archivo.html""]",True,True,846,846,verified
2023-04-13,3,ordinary_weekday,ordinary_weekday,False,True,ordinary_weekday,"[""sifma_archivo.html""]",True,True,845,845,verified
2023-04-14,4,ordinary_weekday,ordinary_weekday,False,True,ordinary_weekday,"[""sifma_archivo.html""]",True,True,844,844,verified
2023-04-15,5,weekend,weekend,False,False,weekend,"[""sifma_archivo.html""]",False,False,,,verified
2023-04-16,6,weekend,weekend,False,False,weekend,"[""sifma_archivo.html""]",False,False,,,verified
2023-04-17,0,ordinary_weekday,ordinary_weekday,False,True,ordinary_weekday,"[""sifma_archivo.html""]",True,True,843,843,verified
2023-04-18,1,ordinary_weekday,ordinary_weekday,False,True,ordinary_weekday,"[""sifma_archivo.html""]",True,True,842,842,verified
2023-04-19,2,ordinary_weekday,ordinary_weekday,False,True,ordinary_weekday,"[""sifma_archivo.html""]",True,True,841,841,verified
2023-04-20,3,ordinary_weekday,ordinary_weekday,False,True,ordinary_weekday,"[""sifma_archivo.html""]",True,True,840,840,verified
2023-04-21,4,ordinary_weekday,ordinary_weekday,False,True,ordinary_weekday,"[""sifma_archivo.html""]",True,True,839,839,verified
2023-04-22,5,weekend,weekend,False,False,weekend,"[""sifma_archivo.html""]",False,False,,,verified
2023-04-23,6,weekend,weekend,False,False,weekend,"[""sifma_archivo.html""]",False,False,,,verified
2023-04-24,0,ordinary_weekday,ordinary_weekday,False,True,ordinary_weekday,"[""sifma_archivo.html""]",True,True,838,838,verified
2023-04-25,1,ordinary_weekday,ordinary_weekday,False,True,ordinary_weekday,"[""sifma_archivo.html""]",True,True,837,837,verified
2023-04-26,2,ordinary_weekday,ordinary_weekday,False,True,ordinary_weekday,"[""sifma_archivo.html""]",True,True,836,836,verified
2023-04-27,3,ordinary_weekday,ordinary_weekday,False,True,ordinary_weekday,"[""sifma_archivo.html""]",True,True,835,835,verified
2023-04-28,4,ordinary_weekday,ordinary_weekday,False,True,ordinary_weekday,"[""sifma_archivo.html""]",True,True,834,834,verified
2023-04-29,5,weekend,weekend,False,False,weekend,"[""sifma_archivo.html""]",False,False,,,verified
2023-04-30,6,weekend,weekend,False,False,weekend,"[""sifma_archivo.html""]",False,False,,,verified
2023-05-01,0,ordinary_weekday,ordinary_weekday,False,True,ordinary_weekday,"[""sifma_archivo.html""]",True,True,833,833,verified
2023-05-02,1,ordinary_weekday,ordinary_weekday,False,True,ordinary_weekday,"[""sifma_archivo.html""]",True,True,832,832,verified
2023-05-03,2,ordinary_weekday,ordinary_weekday,False,True,ordinary_weekday,"[""sifma_archivo.html""]",True,True,831,831,verified
2023-05-04,3,ordinary_weekday,ordinary_weekday,False,True,ordinary_weekday,"[""sifma_archivo.html""]",True,True,830,830,verified
2023-05-05,4,ordinary_weekday,ordinary_weekday,False,True,ordinary_weekday,"[""sifma_archivo.html""]",True,True,829,829,verified
2023-05-06,5,weekend,weekend,False,False,weekend,"[""sifma_archivo.html""]",False,False,,,verified
2023-05-07,6,weekend,weekend,False,False,weekend,"[""sifma_archivo.html""]",False,False,,,verified
2023-05-08,0,ordinary_weekday,ordinary_weekday,False,True,ordinary_weekday,"[""sifma_archivo.html""]",True,True,828,828,verified
2023-05-09,1,ordinary_weekday,ordinary_weekday,False,True,ordinary_weekday,"[""sifma_archivo.html""]",True,True,827,827,verified
2023-05-10,2,ordinary_weekday,ordinary_weekday,False,True,ordinary_weekday,"[""sifma_archivo.html""]",True,True,826,826,verified
2023-05-11,3,ordinary_weekday,ordinary_weekday,False,True,ordinary_weekday,"[""sifma_archivo.html""]",True,True,825,825,verified
2023-05-12,4,ordinary_weekday,ordinary_weekday,False,True,ordinary_weekday,"[""sifma_archivo.html""]",True,True,824,824,verified
2023-05-13,5,weekend,weekend,False,False,weekend,"[""sifma_archivo.html""]",False,False,,,verified
2023-05-14,6,weekend,weekend,False,False,weekend,"[""sifma_archivo.html""]",False,False,,,verified
2023-05-15,0,ordinary_weekday,ordinary_weekday,False,True,ordinary_weekday,"[""sifma_archivo.html""]",True,True,823,823,verified
2023-05-16,1,ordinary_weekday,ordinary_weekday,False,True,ordinary_weekday,"[""sifma_archivo.html""]",True,True,822,822,verified
2023-05-17,2,ordinary_weekday,ordinary_weekday,False,True,ordinary_weekday,"[""sifma_archivo.html""]",True,True,821,821,verified
2023-05-18,3,ordinary_weekday,ordinary_weekday,False,True,ordinary_weekday,"[""sifma_archivo.html""]",True,True,820,820,verified
2023-05-19,4,ordinary_weekday,ordinary_weekday,False,True,ordinary_weekday,"[""sifma_archivo.html""]",True,True,819,819,verified
2023-05-20,5,weekend,weekend,False,False,weekend,"[""sifma_archivo.html""]",False,False,,,verified
2023-05-21,6,weekend,weekend,False,False,weekend,"[""sifma_archivo.html""]",False,False,,,verified
2023-05-22,0,ordinary_weekday,ordinary_weekday,False,True,ordinary_weekday,"[""sifma_archivo.html""]",True,True,818,818,verified
2023-05-23,1,ordinary_weekday,ordinary_weekday,False,True,ordinary_weekday,"[""sifma_archivo.html""]",True,True,817,817,verified
2023-05-24,2,ordinary_weekday,ordinary_weekday,False,True,ordinary_weekday,"[""sifma_archivo.html""]",True,True,816,816,verified
2023-05-25,3,ordinary_weekday,ordinary_weekday,False,True,ordinary_weekday,"[""sifma_archivo.html""]",True,True,815,815,verified
2023-05-26,4,early_close,early_close,False,True,Memorial Day,"[""sifma_archivo.html""]",True,True,814,814,verified
2023-05-27,5,weekend,weekend,False,False,weekend,"[""sifma_archivo.html""]",False,False,,,verified
2023-05-28,6,weekend,weekend,False,False,weekend,"[""sifma_archivo.html""]",False,False,,,verified
2023-05-29,0,full_close,full_close,False,False,Memorial Day,"[""sifma_archivo.html""]",False,False,,,verified
2023-05-30,1,ordinary_weekday,ordinary_weekday,False,True,ordinary_weekday,"[""sifma_archivo.html""]",True,True,813,813,verified
2023-05-31,2,ordinary_weekday,ordinary_weekday,False,True,ordinary_weekday,"[""sifma_archivo.html""]",True,True,812,812,verified
2023-06-01,3,ordinary_weekday,ordinary_weekday,False,True,ordinary_weekday,"[""sifma_archivo.html""]",True,True,811,811,verified
2023-06-02,4,ordinary_weekday,ordinary_weekday,False,True,ordinary_weekday,"[""sifma_archivo.html""]",True,True,810,810,verified
2023-06-03,5,weekend,weekend,False,False,weekend,"[""sifma_archivo.html""]",False,False,,,verified
2023-06-04,6,weekend,weekend,False,False,weekend,"[""sifma_archivo.html""]",False,False,,,verified
2023-06-05,0,ordinary_weekday,ordinary_weekday,False,True,ordinary_weekday,"[""sifma_archivo.html""]",True,True,809,809,verified
2023-06-06,1,ordinary_weekday,ordinary_weekday,False,True,ordinary_weekday,"[""sifma_archivo.html""]",True,True,808,808,verified
2023-06-07,2,ordinary_weekday,ordinary_weekday,False,True,ordinary_weekday,"[""sifma_archivo.html""]",True,True,807,807,verified
2023-06-08,3,ordinary_weekday,ordinary_weekday,False,True,ordinary_weekday,"[""sifma_archivo.html""]",True,True,806,806,verified
2023-06-09,4,ordinary_weekday,ordinary_weekday,False,True,ordinary_weekday,"[""sifma_archivo.html""]",True,True,805,805,verified
2023-06-10,5,weekend,weekend,False,False,weekend,"[""sifma_archivo.html""]",False,False,,,verified
2023-06-11,6,weekend,weekend,False,False,weekend,"[""sifma_archivo.html""]",False,False,,,verified
2023-06-12,0,ordinary_weekday,ordinary_weekday,False,True,ordinary_weekday,"[""sifma_archivo.html""]",True,True,804,804,verified
2023-06-13,1,ordinary_weekday,ordinary_weekday,False,True,ordinary_weekday,"[""sifma_archivo.html""]",True,True,803,803,verified
2023-06-14,2,ordinary_weekday,ordinary_weekday,False,True,ordinary_weekday,"[""sifma_archivo.html""]",True,True,802,802,verified
2023-06-15,3,ordinary_weekday,ordinary_weekday,False,True,ordinary_weekday,"[""sifma_archivo.html""]",True,True,801,801,verified
2023-06-16,4,ordinary_weekday,ordinary_weekday,False,True,ordinary_weekday,"[""sifma_archivo.html""]",True,True,800,800,verified
2023-06-17,5,weekend,weekend,False,False,weekend,"[""sifma_archivo.html""]",False,False,,,verified
2023-06-18,6,weekend,weekend,False,False,weekend,"[""sifma_archivo.html""]",False,False,,,verified
2023-06-19,0,full_close,full_close,False,False,Juneteenth,"[""sifma_archivo.html""]",False,False,,,verified
2023-06-20,1,ordinary_weekday,ordinary_weekday,False,True,ordinary_weekday,"[""sifma_archivo.html""]",True,True,799,799,verified
2023-06-21,2,ordinary_weekday,ordinary_weekday,False,True,ordinary_weekday,"[""sifma_archivo.html""]",True,True,798,798,verified
2023-06-22,3,ordinary_weekday,ordinary_weekday,False,True,ordinary_weekday,"[""sifma_archivo.html""]",True,True,797,797,verified
2023-06-23,4,ordinary_weekday,ordinary_weekday,False,True,ordinary_weekday,"[""sifma_archivo.html""]",True,True,796,796,verified
2023-06-24,5,weekend,weekend,False,False,weekend,"[""sifma_archivo.html""]",False,False,,,verified
2023-06-25,6,weekend,weekend,False,False,weekend,"[""sifma_archivo.html""]",False,False,,,verified
2023-06-26,0,ordinary_weekday,ordinary_weekday,False,True,ordinary_weekday,"[""sifma_archivo.html""]",True,True,795,795,verified
2023-06-27,1,ordinary_weekday,ordinary_weekday,False,True,ordinary_weekday,"[""sifma_archivo.html""]",True,True,794,794,verified
2023-06-28,2,ordinary_weekday,ordinary_weekday,False,True,ordinary_weekday,"[""sifma_archivo.html""]",True,True,793,793,verified
2023-06-29,3,ordinary_weekday,ordinary_weekday,False,True,ordinary_weekday,"[""sifma_archivo.html""]",True,True,792,792,verified
2023-06-30,4,ordinary_weekday,ordinary_weekday,False,True,ordinary_weekday,"[""sifma_archivo.html""]",True,True,791,791,verified
2023-07-01,5,weekend,weekend,False,False,weekend,"[""sifma_archivo.html""]",False,False,,,verified
2023-07-02,6,weekend,weekend,False,False,weekend,"[""sifma_archivo.html""]",False,False,,,verified
2023-07-03,0,early_close,early_close,False,True,U.S. Independence Day,"[""sifma_archivo.html""]",True,True,790,790,verified
2023-07-04,1,full_close,full_close,False,False,U.S. Independence Day,"[""sifma_archivo.html""]",False,False,,,verified
2023-07-05,2,ordinary_weekday,ordinary_weekday,False,True,ordinary_weekday,"[""sifma_archivo.html""]",True,True,789,789,verified
2023-07-06,3,ordinary_weekday,ordinary_weekday,False,True,ordinary_weekday,"[""sifma_archivo.html""]",True,True,788,788,verified
2023-07-07,4,ordinary_weekday,ordinary_weekday,False,True,ordinary_weekday,"[""sifma_archivo.html""]",True,True,787,787,verified
2023-07-08,5,weekend,weekend,False,False,weekend,"[""sifma_archivo.html""]",False,False,,,verified
2023-07-09,6,weekend,weekend,False,False,weekend,"[""sifma_archivo.html""]",False,False,,,verified
2023-07-10,0,ordinary_weekday,ordinary_weekday,False,True,ordinary_weekday,"[""sifma_archivo.html""]",True,True,786,786,verified
2023-07-11,1,ordinary_weekday,ordinary_weekday,False,True,ordinary_weekday,"[""sifma_archivo.html""]",True,True,785,785,verified
2023-07-12,2,ordinary_weekday,ordinary_weekday,False,True,ordinary_weekday,"[""sifma_archivo.html""]",True,True,784,784,verified
2023-07-13,3,ordinary_weekday,ordinary_weekday,False,True,ordinary_weekday,"[""sifma_archivo.html""]",True,True,783,783,verified
2023-07-14,4,ordinary_weekday,ordinary_weekday,False,True,ordinary_weekday,"[""sifma_archivo.html""]",True,True,782,782,verified
2023-07-15,5,weekend,weekend,False,False,weekend,"[""sifma_archivo.html""]",False,False,,,verified
2023-07-16,6,weekend,weekend,False,False,weekend,"[""sifma_archivo.html""]",False,False,,,verified
2023-07-17,0,ordinary_weekday,ordinary_weekday,False,True,ordinary_weekday,"[""sifma_archivo.html""]",True,True,781,781,verified
2023-07-18,1,ordinary_weekday,ordinary_weekday,False,True,ordinary_weekday,"[""sifma_archivo.html""]",True,True,780,780,verified
2023-07-19,2,ordinary_weekday,ordinary_weekday,False,True,ordinary_weekday,"[""sifma_archivo.html""]",True,True,779,779,verified
2023-07-20,3,ordinary_weekday,ordinary_weekday,False,True,ordinary_weekday,"[""sifma_archivo.html""]",True,True,778,778,verified
2023-07-21,4,ordinary_weekday,ordinary_weekday,False,True,ordinary_weekday,"[""sifma_archivo.html""]",True,True,777,777,verified
2023-07-22,5,weekend,weekend,False,False,weekend,"[""sifma_archivo.html""]",False,False,,,verified
2023-07-23,6,weekend,weekend,False,False,weekend,"[""sifma_archivo.html""]",False,False,,,verified
2023-07-24,0,ordinary_weekday,ordinary_weekday,False,True,ordinary_weekday,"[""sifma_archivo.html""]",True,True,776,776,verified
2023-07-25,1,ordinary_weekday,ordinary_weekday,False,True,ordinary_weekday,"[""sifma_archivo.html""]",True,True,775,775,verified
2023-07-26,2,ordinary_weekday,ordinary_weekday,False,True,ordinary_weekday,"[""sifma_archivo.html""]",True,True,774,774,verified
2023-07-27,3,ordinary_weekday,ordinary_weekday,False,True,ordinary_weekday,"[""sifma_archivo.html""]",True,True,773,773,verified
2023-07-28,4,ordinary_weekday,ordinary_weekday,False,True,ordinary_weekday,"[""sifma_archivo.html""]",True,True,772,772,verified
2023-07-29,5,weekend,weekend,False,False,weekend,"[""sifma_archivo.html""]",False,False,,,verified
2023-07-30,6,weekend,weekend,False,False,weekend,"[""sifma_archivo.html""]",False,False,,,verified
2023-07-31,0,ordinary_weekday,ordinary_weekday,False,True,ordinary_weekday,"[""sifma_archivo.html""]",True,True,771,771,verified
2023-08-01,1,ordinary_weekday,ordinary_weekday,False,True,ordinary_weekday,"[""sifma_archivo.html""]",True,True,770,770,verified
2023-08-02,2,ordinary_weekday,ordinary_weekday,False,True,ordinary_weekday,"[""sifma_archivo.html""]",True,True,769,769,verified
2023-08-03,3,ordinary_weekday,ordinary_weekday,False,True,ordinary_weekday,"[""sifma_archivo.html""]",True,True,768,768,verified
2023-08-04,4,ordinary_weekday,ordinary_weekday,False,True,ordinary_weekday,"[""sifma_archivo.html""]",True,True,767,767,verified
2023-08-05,5,weekend,weekend,False,False,weekend,"[""sifma_archivo.html""]",False,False,,,verified
2023-08-06,6,weekend,weekend,False,False,weekend,"[""sifma_archivo.html""]",False,False,,,verified
2023-08-07,0,ordinary_weekday,ordinary_weekday,False,True,ordinary_weekday,"[""sifma_archivo.html""]",True,True,766,766,verified
2023-08-08,1,ordinary_weekday,ordinary_weekday,False,True,ordinary_weekday,"[""sifma_archivo.html""]",True,True,765,765,verified
2023-08-09,2,ordinary_weekday,ordinary_weekday,False,True,ordinary_weekday,"[""sifma_archivo.html""]",True,True,764,764,verified
2023-08-10,3,ordinary_weekday,ordinary_weekday,False,True,ordinary_weekday,"[""sifma_archivo.html""]",True,True,763,763,verified
2023-08-11,4,ordinary_weekday,ordinary_weekday,False,True,ordinary_weekday,"[""sifma_archivo.html""]",True,True,762,762,verified
2023-08-12,5,weekend,weekend,False,False,weekend,"[""sifma_archivo.html""]",False,False,,,verified
2023-08-13,6,weekend,weekend,False,False,weekend,"[""sifma_archivo.html""]",False,False,,,verified
2023-08-14,0,ordinary_weekday,ordinary_weekday,False,True,ordinary_weekday,"[""sifma_archivo.html""]",True,True,761,761,verified
2023-08-15,1,ordinary_weekday,ordinary_weekday,False,True,ordinary_weekday,"[""sifma_archivo.html""]",True,True,760,760,verified
2023-08-16,2,ordinary_weekday,ordinary_weekday,False,True,ordinary_weekday,"[""sifma_archivo.html""]",True,True,759,759,verified
2023-08-17,3,ordinary_weekday,ordinary_weekday,False,True,ordinary_weekday,"[""sifma_archivo.html""]",True,True,758,758,verified
2023-08-18,4,ordinary_weekday,ordinary_weekday,False,True,ordinary_weekday,"[""sifma_archivo.html""]",True,True,757,757,verified
2023-08-19,5,weekend,weekend,False,False,weekend,"[""sifma_archivo.html""]",False,False,,,verified
2023-08-20,6,weekend,weekend,False,False,weekend,"[""sifma_archivo.html""]",False,False,,,verified
2023-08-21,0,ordinary_weekday,ordinary_weekday,False,True,ordinary_weekday,"[""sifma_archivo.html""]",True,True,756,756,verified
2023-08-22,1,ordinary_weekday,ordinary_weekday,False,True,ordinary_weekday,"[""sifma_archivo.html""]",True,True,755,755,verified
2023-08-23,2,ordinary_weekday,ordinary_weekday,False,True,ordinary_weekday,"[""sifma_archivo.html""]",True,True,754,754,verified
2023-08-24,3,ordinary_weekday,ordinary_weekday,False,True,ordinary_weekday,"[""sifma_archivo.html""]",True,True,753,753,verified
2023-08-25,4,ordinary_weekday,ordinary_weekday,False,True,ordinary_weekday,"[""sifma_archivo.html""]",True,True,752,752,verified
2023-08-26,5,weekend,weekend,False,False,weekend,"[""sifma_archivo.html""]",False,False,,,verified
2023-08-27,6,weekend,weekend,False,False,weekend,"[""sifma_archivo.html""]",False,False,,,verified
2023-08-28,0,ordinary_weekday,ordinary_weekday,False,True,ordinary_weekday,"[""sifma_archivo.html""]",True,True,751,751,verified
2023-08-29,1,ordinary_weekday,ordinary_weekday,False,True,ordinary_weekday,"[""sifma_archivo.html""]",True,True,750,750,verified
2023-08-30,2,ordinary_weekday,ordinary_weekday,False,True,ordinary_weekday,"[""sifma_archivo.html""]",True,True,749,749,verified
2023-08-31,3,ordinary_weekday,ordinary_weekday,False,True,ordinary_weekday,"[""sifma_archivo.html""]",True,True,748,748,verified
2023-09-01,4,ordinary_weekday,ordinary_weekday,False,True,ordinary_weekday,"[""sifma_archivo.html""]",True,True,747,747,verified
2023-09-02,5,weekend,weekend,False,False,weekend,"[""sifma_archivo.html""]",False,False,,,verified
2023-09-03,6,weekend,weekend,False,False,weekend,"[""sifma_archivo.html""]",False,False,,,verified
2023-09-04,0,full_close,full_close,False,False,Labor Day,"[""sifma_archivo.html""]",False,False,,,verified
2023-09-05,1,ordinary_weekday,ordinary_weekday,False,True,ordinary_weekday,"[""sifma_archivo.html""]",True,True,746,746,verified
2023-09-06,2,ordinary_weekday,ordinary_weekday,False,True,ordinary_weekday,"[""sifma_archivo.html""]",True,True,745,745,verified
2023-09-07,3,ordinary_weekday,ordinary_weekday,False,True,ordinary_weekday,"[""sifma_archivo.html""]",True,True,744,744,verified
2023-09-08,4,ordinary_weekday,ordinary_weekday,False,True,ordinary_weekday,"[""sifma_archivo.html""]",True,True,743,743,verified
2023-09-09,5,weekend,weekend,False,False,weekend,"[""sifma_archivo.html""]",False,False,,,verified
2023-09-10,6,weekend,weekend,False,False,weekend,"[""sifma_archivo.html""]",False,False,,,verified
2023-09-11,0,ordinary_weekday,ordinary_weekday,False,True,ordinary_weekday,"[""sifma_archivo.html""]",True,True,742,742,verified
2023-09-12,1,ordinary_weekday,ordinary_weekday,False,True,ordinary_weekday,"[""sifma_archivo.html""]",True,True,741,741,verified
2023-09-13,2,ordinary_weekday,ordinary_weekday,False,True,ordinary_weekday,"[""sifma_archivo.html""]",True,True,740,740,verified
2023-09-14,3,ordinary_weekday,ordinary_weekday,False,True,ordinary_weekday,"[""sifma_archivo.html""]",True,True,739,739,verified
2023-09-15,4,ordinary_weekday,ordinary_weekday,False,True,ordinary_weekday,"[""sifma_archivo.html""]",True,True,738,738,verified
2023-09-16,5,weekend,weekend,False,False,weekend,"[""sifma_archivo.html""]",False,False,,,verified
2023-09-17,6,weekend,weekend,False,False,weekend,"[""sifma_archivo.html""]",False,False,,,verified
2023-09-18,0,ordinary_weekday,ordinary_weekday,False,True,ordinary_weekday,"[""sifma_archivo.html""]",True,True,737,737,verified
2023-09-19,1,ordinary_weekday,ordinary_weekday,False,True,ordinary_weekday,"[""sifma_archivo.html""]",True,True,736,736,verified
2023-09-20,2,ordinary_weekday,ordinary_weekday,False,True,ordinary_weekday,"[""sifma_archivo.html""]",True,True,735,735,verified
2023-09-21,3,ordinary_weekday,ordinary_weekday,False,True,ordinary_weekday,"[""sifma_archivo.html""]",True,True,734,734,verified
2023-09-22,4,ordinary_weekday,ordinary_weekday,False,True,ordinary_weekday,"[""sifma_archivo.html""]",True,True,733,733,verified
2023-09-23,5,weekend,weekend,False,False,weekend,"[""sifma_archivo.html""]",False,False,,,verified
2023-09-24,6,weekend,weekend,False,False,weekend,"[""sifma_archivo.html""]",False,False,,,verified
2023-09-25,0,ordinary_weekday,ordinary_weekday,False,True,ordinary_weekday,"[""sifma_archivo.html""]",True,True,732,732,verified
2023-09-26,1,ordinary_weekday,ordinary_weekday,False,True,ordinary_weekday,"[""sifma_archivo.html""]",True,True,731,731,verified
2023-09-27,2,ordinary_weekday,ordinary_weekday,False,True,ordinary_weekday,"[""sifma_archivo.html""]",True,True,730,730,verified
2023-09-28,3,ordinary_weekday,ordinary_weekday,False,True,ordinary_weekday,"[""sifma_archivo.html""]",True,True,729,729,verified
2023-09-29,4,ordinary_weekday,ordinary_weekday,False,True,ordinary_weekday,"[""sifma_archivo.html""]",True,True,728,728,verified
2023-09-30,5,weekend,weekend,False,False,weekend,"[""sifma_archivo.html""]",False,False,,,verified
2023-10-01,6,weekend,weekend,False,False,weekend,"[""sifma_archivo.html""]",False,False,,,verified
2023-10-02,0,ordinary_weekday,ordinary_weekday,False,True,ordinary_weekday,"[""sifma_archivo.html""]",True,True,727,727,verified
2023-10-03,1,ordinary_weekday,ordinary_weekday,False,True,ordinary_weekday,"[""sifma_archivo.html""]",True,True,726,726,verified
2023-10-04,2,ordinary_weekday,ordinary_weekday,False,True,ordinary_weekday,"[""sifma_archivo.html""]",True,True,725,725,verified
2023-10-05,3,ordinary_weekday,ordinary_weekday,False,True,ordinary_weekday,"[""sifma_archivo.html""]",True,True,724,724,verified
2023-10-06,4,ordinary_weekday,ordinary_weekday,False,True,ordinary_weekday,"[""sifma_archivo.html""]",True,True,723,723,verified
2023-10-07,5,weekend,weekend,False,False,weekend,"[""sifma_archivo.html""]",False,False,,,verified
2023-10-08,6,weekend,weekend,False,False,weekend,"[""sifma_archivo.html""]",False,False,,,verified
2023-10-09,0,full_close,full_close,False,False,Columbus Day,"[""sifma_archivo.html""]",False,False,,,verified
2023-10-10,1,ordinary_weekday,ordinary_weekday,False,True,ordinary_weekday,"[""sifma_archivo.html""]",True,True,722,722,verified
2023-10-11,2,ordinary_weekday,ordinary_weekday,False,True,ordinary_weekday,"[""sifma_archivo.html""]",True,True,721,721,verified
2023-10-12,3,ordinary_weekday,ordinary_weekday,False,True,ordinary_weekday,"[""sifma_archivo.html""]",True,True,720,720,verified
2023-10-13,4,ordinary_weekday,ordinary_weekday,False,True,ordinary_weekday,"[""sifma_archivo.html""]",True,True,719,719,verified
2023-10-14,5,weekend,weekend,False,False,weekend,"[""sifma_archivo.html""]",False,False,,,verified
2023-10-15,6,weekend,weekend,False,False,weekend,"[""sifma_archivo.html""]",False,False,,,verified
2023-10-16,0,ordinary_weekday,ordinary_weekday,False,True,ordinary_weekday,"[""sifma_archivo.html""]",True,True,718,718,verified
2023-10-17,1,ordinary_weekday,ordinary_weekday,False,True,ordinary_weekday,"[""sifma_archivo.html""]",True,True,717,717,verified
2023-10-18,2,ordinary_weekday,ordinary_weekday,False,True,ordinary_weekday,"[""sifma_archivo.html""]",True,True,716,716,verified
2023-10-19,3,ordinary_weekday,ordinary_weekday,False,True,ordinary_weekday,"[""sifma_archivo.html""]",True,True,715,715,verified
2023-10-20,4,ordinary_weekday,ordinary_weekday,False,True,ordinary_weekday,"[""sifma_archivo.html""]",True,True,714,714,verified
2023-10-21,5,weekend,weekend,False,False,weekend,"[""sifma_archivo.html""]",False,False,,,verified
2023-10-22,6,weekend,weekend,False,False,weekend,"[""sifma_archivo.html""]",False,False,,,verified
2023-10-23,0,ordinary_weekday,ordinary_weekday,False,True,ordinary_weekday,"[""sifma_archivo.html""]",True,True,713,713,verified
2023-10-24,1,ordinary_weekday,ordinary_weekday,False,True,ordinary_weekday,"[""sifma_archivo.html""]",True,True,712,712,verified
2023-10-25,2,ordinary_weekday,ordinary_weekday,False,True,ordinary_weekday,"[""sifma_archivo.html""]",True,True,711,711,verified
2023-10-26,3,ordinary_weekday,ordinary_weekday,False,True,ordinary_weekday,"[""sifma_archivo.html""]",True,True,710,710,verified
2023-10-27,4,ordinary_weekday,ordinary_weekday,False,True,ordinary_weekday,"[""sifma_archivo.html""]",True,True,709,709,verified
2023-10-28,5,weekend,weekend,False,False,weekend,"[""sifma_archivo.html""]",False,False,,,verified
2023-10-29,6,weekend,weekend,False,False,weekend,"[""sifma_archivo.html""]",False,False,,,verified
2023-10-30,0,ordinary_weekday,ordinary_weekday,False,True,ordinary_weekday,"[""sifma_archivo.html""]",True,True,708,708,verified
2023-10-31,1,ordinary_weekday,ordinary_weekday,False,True,ordinary_weekday,"[""sifma_archivo.html""]",True,True,707,707,verified
2023-11-01,2,ordinary_weekday,ordinary_weekday,False,True,ordinary_weekday,"[""sifma_archivo.html""]",True,True,706,706,verified
2023-11-02,3,ordinary_weekday,ordinary_weekday,False,True,ordinary_weekday,"[""sifma_archivo.html""]",True,True,705,705,verified
2023-11-03,4,ordinary_weekday,ordinary_weekday,False,True,ordinary_weekday,"[""sifma_archivo.html""]",True,True,704,704,verified
2023-11-04,5,weekend,weekend,False,False,weekend,"[""sifma_archivo.html""]",False,False,,,verified
2023-11-05,6,weekend,weekend,False,False,weekend,"[""sifma_archivo.html""]",False,False,,,verified
2023-11-06,0,ordinary_weekday,ordinary_weekday,False,True,ordinary_weekday,"[""sifma_archivo.html""]",True,True,703,703,verified
2023-11-07,1,ordinary_weekday,ordinary_weekday,False,True,ordinary_weekday,"[""sifma_archivo.html""]",True,True,702,702,verified
2023-11-08,2,ordinary_weekday,ordinary_weekday,False,True,ordinary_weekday,"[""sifma_archivo.html""]",True,True,701,701,verified
2023-11-09,3,ordinary_weekday,ordinary_weekday,False,True,ordinary_weekday,"[""sifma_archivo.html""]",True,True,700,700,verified
2023-11-10,4,ordinary_weekday,ordinary_weekday,False,True,ordinary_weekday,"[""sifma_archivo.html""]",True,True,699,699,verified
2023-11-11,5,weekend,weekend,False,False,weekend,"[""sifma_archivo.html""]",False,False,,,verified
2023-11-12,6,weekend,weekend,False,False,weekend,"[""sifma_archivo.html""]",False,False,,,verified
2023-11-13,0,ordinary_weekday,ordinary_weekday,False,True,ordinary_weekday,"[""sifma_archivo.html""]",True,True,698,698,verified
2023-11-14,1,ordinary_weekday,ordinary_weekday,False,True,ordinary_weekday,"[""sifma_archivo.html""]",True,True,697,697,verified
2023-11-15,2,ordinary_weekday,ordinary_weekday,False,True,ordinary_weekday,"[""sifma_archivo.html""]",True,True,696,696,verified
2023-11-16,3,ordinary_weekday,ordinary_weekday,False,True,ordinary_weekday,"[""sifma_archivo.html""]",True,True,695,695,verified
2023-11-17,4,ordinary_weekday,ordinary_weekday,False,True,ordinary_weekday,"[""sifma_archivo.html""]",True,True,694,694,verified
2023-11-18,5,weekend,weekend,False,False,weekend,"[""sifma_archivo.html""]",False,False,,,verified
2023-11-19,6,weekend,weekend,False,False,weekend,"[""sifma_archivo.html""]",False,False,,,verified
2023-11-20,0,ordinary_weekday,ordinary_weekday,False,True,ordinary_weekday,"[""sifma_archivo.html""]",True,True,693,693,verified
2023-11-21,1,ordinary_weekday,ordinary_weekday,False,True,ordinary_weekday,"[""sifma_archivo.html""]",True,True,692,692,verified
2023-11-22,2,ordinary_weekday,ordinary_weekday,False,True,ordinary_weekday,"[""sifma_archivo.html""]",True,True,691,691,verified
2023-11-23,3,full_close,full_close,False,False,Thanksgiving Day,"[""sifma_archivo.html""]",False,False,,,verified
2023-11-24,4,early_close,early_close,False,True,Thanksgiving Day,"[""sifma_archivo.html""]",True,True,690,690,verified
2023-11-25,5,weekend,weekend,False,False,weekend,"[""sifma_archivo.html""]",False,False,,,verified
2023-11-26,6,weekend,weekend,False,False,weekend,"[""sifma_archivo.html""]",False,False,,,verified
2023-11-27,0,ordinary_weekday,ordinary_weekday,False,True,ordinary_weekday,"[""sifma_archivo.html""]",True,True,689,689,verified
2023-11-28,1,ordinary_weekday,ordinary_weekday,False,True,ordinary_weekday,"[""sifma_archivo.html""]",True,True,688,688,verified
2023-11-29,2,ordinary_weekday,ordinary_weekday,False,True,ordinary_weekday,"[""sifma_archivo.html""]",True,True,687,687,verified
2023-11-30,3,ordinary_weekday,ordinary_weekday,False,True,ordinary_weekday,"[""sifma_archivo.html""]",True,True,686,686,verified
2023-12-01,4,ordinary_weekday,ordinary_weekday,False,True,ordinary_weekday,"[""sifma_archivo.html""]",True,True,685,685,verified
2023-12-02,5,weekend,weekend,False,False,weekend,"[""sifma_archivo.html""]",False,False,,,verified
2023-12-03,6,weekend,weekend,False,False,weekend,"[""sifma_archivo.html""]",False,False,,,verified
2023-12-04,0,ordinary_weekday,ordinary_weekday,False,True,ordinary_weekday,"[""sifma_archivo.html""]",True,True,684,684,verified
2023-12-05,1,ordinary_weekday,ordinary_weekday,False,True,ordinary_weekday,"[""sifma_archivo.html""]",True,True,683,683,verified
2023-12-06,2,ordinary_weekday,ordinary_weekday,False,True,ordinary_weekday,"[""sifma_archivo.html""]",True,True,682,682,verified
2023-12-07,3,ordinary_weekday,ordinary_weekday,False,True,ordinary_weekday,"[""sifma_archivo.html""]",True,True,681,681,verified
2023-12-08,4,ordinary_weekday,ordinary_weekday,False,True,ordinary_weekday,"[""sifma_archivo.html""]",True,True,680,680,verified
2023-12-09,5,weekend,weekend,False,False,weekend,"[""sifma_archivo.html""]",False,False,,,verified
2023-12-10,6,weekend,weekend,False,False,weekend,"[""sifma_archivo.html""]",False,False,,,verified
2023-12-11,0,ordinary_weekday,ordinary_weekday,False,True,ordinary_weekday,"[""sifma_archivo.html""]",True,True,679,679,verified
2023-12-12,1,ordinary_weekday,ordinary_weekday,False,True,ordinary_weekday,"[""sifma_archivo.html""]",True,True,678,678,verified
2023-12-13,2,ordinary_weekday,ordinary_weekday,False,True,ordinary_weekday,"[""sifma_archivo.html""]",True,True,677,677,verified
2023-12-14,3,ordinary_weekday,ordinary_weekday,False,True,ordinary_weekday,"[""sifma_archivo.html""]",True,True,676,676,verified
2023-12-15,4,ordinary_weekday,ordinary_weekday,False,True,ordinary_weekday,"[""sifma_archivo.html""]",True,True,675,675,verified
2023-12-16,5,weekend,weekend,False,False,weekend,"[""sifma_archivo.html""]",False,False,,,verified
2023-12-17,6,weekend,weekend,False,False,weekend,"[""sifma_archivo.html""]",False,False,,,verified
2023-12-18,0,ordinary_weekday,ordinary_weekday,False,True,ordinary_weekday,"[""sifma_archivo.html""]",True,True,674,674,verified
2023-12-19,1,ordinary_weekday,ordinary_weekday,False,True,ordinary_weekday,"[""sifma_archivo.html""]",True,True,673,673,verified
2023-12-20,2,ordinary_weekday,ordinary_weekday,False,True,ordinary_weekday,"[""sifma_archivo.html""]",True,True,672,672,verified
2023-12-21,3,ordinary_weekday,ordinary_weekday,False,True,ordinary_weekday,"[""sifma_archivo.html""]",True,True,671,671,verified
2023-12-22,4,early_close,early_close,False,True,Christmas Day,"[""sifma_archivo.html""]",True,True,670,670,verified
2023-12-23,5,weekend,weekend,False,False,weekend,"[""sifma_archivo.html""]",False,False,,,verified
2023-12-24,6,weekend,weekend,False,False,weekend,"[""sifma_archivo.html""]",False,False,,,verified
2023-12-25,0,full_close,full_close,False,False,Christmas Day,"[""sifma_archivo.html""]",False,False,,,verified
2023-12-26,1,ordinary_weekday,ordinary_weekday,False,True,ordinary_weekday,"[""sifma_archivo.html""]",True,True,669,669,verified
2023-12-27,2,ordinary_weekday,ordinary_weekday,False,True,ordinary_weekday,"[""sifma_archivo.html""]",True,True,668,668,verified
2023-12-28,3,ordinary_weekday,ordinary_weekday,False,True,ordinary_weekday,"[""sifma_archivo.html""]",True,True,667,667,verified
2023-12-29,4,early_close,early_close,False,True,New Year's Day 2023/2024 | New Year’s Day 2023/2024,"[""sifma_archivo.html""]",True,True,666,666,verified
2023-12-30,5,weekend,weekend,False,False,weekend,"[""sifma_archivo.html""]",False,False,,,verified
2023-12-31,6,weekend,weekend,False,False,weekend,"[""sifma_archivo.html""]",False,False,,,verified
2024-01-01,0,full_close,full_close,False,False,New Year's Day 2023/2024 | New Year’s Day 2023/2024,"[""sifma_archivo.html""]",False,False,,,verified
2024-01-02,1,ordinary_weekday,ordinary_weekday,False,True,ordinary_weekday,"[""sifma_archivo.html""]",True,True,665,665,verified
2024-01-03,2,ordinary_weekday,ordinary_weekday,False,True,ordinary_weekday,"[""sifma_archivo.html""]",True,True,664,664,verified
2024-01-04,3,ordinary_weekday,ordinary_weekday,False,True,ordinary_weekday,"[""sifma_archivo.html""]",True,True,663,663,verified
2024-01-05,4,ordinary_weekday,ordinary_weekday,False,True,ordinary_weekday,"[""sifma_archivo.html""]",True,True,662,662,verified
2024-01-06,5,weekend,weekend,False,False,weekend,"[""sifma_archivo.html""]",False,False,,,verified
2024-01-07,6,weekend,weekend,False,False,weekend,"[""sifma_archivo.html""]",False,False,,,verified
2024-01-08,0,ordinary_weekday,ordinary_weekday,False,True,ordinary_weekday,"[""sifma_archivo.html""]",True,True,661,661,verified
2024-01-09,1,ordinary_weekday,ordinary_weekday,False,True,ordinary_weekday,"[""sifma_archivo.html""]",True,True,660,660,verified
2024-01-10,2,ordinary_weekday,ordinary_weekday,False,True,ordinary_weekday,"[""sifma_archivo.html""]",True,True,659,659,verified
2024-01-11,3,ordinary_weekday,ordinary_weekday,False,True,ordinary_weekday,"[""sifma_archivo.html""]",True,True,658,658,verified
2024-01-12,4,ordinary_weekday,ordinary_weekday,False,True,ordinary_weekday,"[""sifma_archivo.html""]",True,True,657,657,verified
2024-01-13,5,weekend,weekend,False,False,weekend,"[""sifma_archivo.html""]",False,False,,,verified
2024-01-14,6,weekend,weekend,False,False,weekend,"[""sifma_archivo.html""]",False,False,,,verified
2024-01-15,0,full_close,full_close,False,False,Martin Luther King Day,"[""sifma_archivo.html""]",False,False,,,verified
2024-01-16,1,ordinary_weekday,ordinary_weekday,False,True,ordinary_weekday,"[""sifma_archivo.html""]",True,True,656,656,verified
2024-01-17,2,ordinary_weekday,ordinary_weekday,False,True,ordinary_weekday,"[""sifma_archivo.html""]",True,True,655,655,verified
2024-01-18,3,ordinary_weekday,ordinary_weekday,False,True,ordinary_weekday,"[""sifma_archivo.html""]",True,True,654,654,verified
2024-01-19,4,ordinary_weekday,ordinary_weekday,False,True,ordinary_weekday,"[""sifma_archivo.html""]",True,True,653,653,verified
2024-01-20,5,weekend,weekend,False,False,weekend,"[""sifma_archivo.html""]",False,False,,,verified
2024-01-21,6,weekend,weekend,False,False,weekend,"[""sifma_archivo.html""]",False,False,,,verified
2024-01-22,0,ordinary_weekday,ordinary_weekday,False,True,ordinary_weekday,"[""sifma_archivo.html""]",True,True,652,652,verified
2024-01-23,1,ordinary_weekday,ordinary_weekday,False,True,ordinary_weekday,"[""sifma_archivo.html""]",True,True,651,651,verified
2024-01-24,2,ordinary_weekday,ordinary_weekday,False,True,ordinary_weekday,"[""sifma_archivo.html""]",True,True,650,650,verified
2024-01-25,3,ordinary_weekday,ordinary_weekday,False,True,ordinary_weekday,"[""sifma_archivo.html""]",True,True,649,649,verified
2024-01-26,4,ordinary_weekday,ordinary_weekday,False,True,ordinary_weekday,"[""sifma_archivo.html""]",True,True,648,648,verified
2024-01-27,5,weekend,weekend,False,False,weekend,"[""sifma_archivo.html""]",False,False,,,verified
2024-01-28,6,weekend,weekend,False,False,weekend,"[""sifma_archivo.html""]",False,False,,,verified
2024-01-29,0,ordinary_weekday,ordinary_weekday,False,True,ordinary_weekday,"[""sifma_archivo.html""]",True,True,647,647,verified
2024-01-30,1,ordinary_weekday,ordinary_weekday,False,True,ordinary_weekday,"[""sifma_archivo.html""]",True,True,646,646,verified
2024-01-31,2,ordinary_weekday,ordinary_weekday,False,True,ordinary_weekday,"[""sifma_archivo.html""]",True,True,645,645,verified
2024-02-01,3,ordinary_weekday,ordinary_weekday,False,True,ordinary_weekday,"[""sifma_archivo.html""]",True,True,644,644,verified
2024-02-02,4,ordinary_weekday,ordinary_weekday,False,True,ordinary_weekday,"[""sifma_archivo.html""]",True,True,643,643,verified
2024-02-03,5,weekend,weekend,False,False,weekend,"[""sifma_archivo.html""]",False,False,,,verified
2024-02-04,6,weekend,weekend,False,False,weekend,"[""sifma_archivo.html""]",False,False,,,verified
2024-02-05,0,ordinary_weekday,ordinary_weekday,False,True,ordinary_weekday,"[""sifma_archivo.html""]",True,True,642,642,verified
2024-02-06,1,ordinary_weekday,ordinary_weekday,False,True,ordinary_weekday,"[""sifma_archivo.html""]",True,True,641,641,verified
2024-02-07,2,ordinary_weekday,ordinary_weekday,False,True,ordinary_weekday,"[""sifma_archivo.html""]",True,True,640,640,verified
2024-02-08,3,ordinary_weekday,ordinary_weekday,False,True,ordinary_weekday,"[""sifma_archivo.html""]",True,True,639,639,verified
2024-02-09,4,ordinary_weekday,ordinary_weekday,False,True,ordinary_weekday,"[""sifma_archivo.html""]",True,True,638,638,verified
2024-02-10,5,weekend,weekend,False,False,weekend,"[""sifma_archivo.html""]",False,False,,,verified
2024-02-11,6,weekend,weekend,False,False,weekend,"[""sifma_archivo.html""]",False,False,,,verified
2024-02-12,0,ordinary_weekday,ordinary_weekday,False,True,ordinary_weekday,"[""sifma_archivo.html""]",True,True,637,637,verified
2024-02-13,1,ordinary_weekday,ordinary_weekday,False,True,ordinary_weekday,"[""sifma_archivo.html""]",True,True,636,636,verified
2024-02-14,2,ordinary_weekday,ordinary_weekday,False,True,ordinary_weekday,"[""sifma_archivo.html""]",True,True,635,635,verified
2024-02-15,3,ordinary_weekday,ordinary_weekday,False,True,ordinary_weekday,"[""sifma_archivo.html""]",True,True,634,634,verified
2024-02-16,4,ordinary_weekday,ordinary_weekday,False,True,ordinary_weekday,"[""sifma_archivo.html""]",True,True,633,633,verified
2024-02-17,5,weekend,weekend,False,False,weekend,"[""sifma_archivo.html""]",False,False,,,verified
2024-02-18,6,weekend,weekend,False,False,weekend,"[""sifma_archivo.html""]",False,False,,,verified
2024-02-19,0,full_close,full_close,False,False,Presidents Day,"[""sifma_archivo.html""]",False,False,,,verified
2024-02-20,1,ordinary_weekday,ordinary_weekday,False,True,ordinary_weekday,"[""sifma_archivo.html""]",True,True,632,632,verified
2024-02-21,2,ordinary_weekday,ordinary_weekday,False,True,ordinary_weekday,"[""sifma_archivo.html""]",True,True,631,631,verified
2024-02-22,3,ordinary_weekday,ordinary_weekday,False,True,ordinary_weekday,"[""sifma_archivo.html""]",True,True,630,630,verified
2024-02-23,4,ordinary_weekday,ordinary_weekday,False,True,ordinary_weekday,"[""sifma_archivo.html""]",True,True,629,629,verified
2024-02-24,5,weekend,weekend,False,False,weekend,"[""sifma_archivo.html""]",False,False,,,verified
2024-02-25,6,weekend,weekend,False,False,weekend,"[""sifma_archivo.html""]",False,False,,,verified
2024-02-26,0,ordinary_weekday,ordinary_weekday,False,True,ordinary_weekday,"[""sifma_archivo.html""]",True,True,628,628,verified
2024-02-27,1,ordinary_weekday,ordinary_weekday,False,True,ordinary_weekday,"[""sifma_archivo.html""]",True,True,627,627,verified
2024-02-28,2,ordinary_weekday,ordinary_weekday,False,True,ordinary_weekday,"[""sifma_archivo.html""]",True,True,626,626,verified
2024-02-29,3,ordinary_weekday,ordinary_weekday,False,True,ordinary_weekday,"[""sifma_archivo.html""]",True,True,625,625,verified
2024-03-01,4,ordinary_weekday,ordinary_weekday,False,True,ordinary_weekday,"[""sifma_archivo.html""]",True,True,624,624,verified
2024-03-02,5,weekend,weekend,False,False,weekend,"[""sifma_archivo.html""]",False,False,,,verified
2024-03-03,6,weekend,weekend,False,False,weekend,"[""sifma_archivo.html""]",False,False,,,verified
2024-03-04,0,ordinary_weekday,ordinary_weekday,False,True,ordinary_weekday,"[""sifma_archivo.html""]",True,True,623,623,verified
2024-03-05,1,ordinary_weekday,ordinary_weekday,False,True,ordinary_weekday,"[""sifma_archivo.html""]",True,True,622,622,verified
2024-03-06,2,ordinary_weekday,ordinary_weekday,False,True,ordinary_weekday,"[""sifma_archivo.html""]",True,True,621,621,verified
2024-03-07,3,ordinary_weekday,ordinary_weekday,False,True,ordinary_weekday,"[""sifma_archivo.html""]",True,True,620,620,verified
2024-03-08,4,ordinary_weekday,ordinary_weekday,False,True,ordinary_weekday,"[""sifma_archivo.html""]",True,True,619,619,verified
2024-03-09,5,weekend,weekend,False,False,weekend,"[""sifma_archivo.html""]",False,False,,,verified
2024-03-10,6,weekend,weekend,False,False,weekend,"[""sifma_archivo.html""]",False,False,,,verified
2024-03-11,0,ordinary_weekday,ordinary_weekday,False,True,ordinary_weekday,"[""sifma_archivo.html""]",True,True,618,618,verified
2024-03-12,1,ordinary_weekday,ordinary_weekday,False,True,ordinary_weekday,"[""sifma_archivo.html""]",True,True,617,617,verified
2024-03-13,2,ordinary_weekday,ordinary_weekday,False,True,ordinary_weekday,"[""sifma_archivo.html""]",True,True,616,616,verified
2024-03-14,3,ordinary_weekday,ordinary_weekday,False,True,ordinary_weekday,"[""sifma_archivo.html""]",True,True,615,615,verified
2024-03-15,4,ordinary_weekday,ordinary_weekday,False,True,ordinary_weekday,"[""sifma_archivo.html""]",True,True,614,614,verified
2024-03-16,5,weekend,weekend,False,False,weekend,"[""sifma_archivo.html""]",False,False,,,verified
2024-03-17,6,weekend,weekend,False,False,weekend,"[""sifma_archivo.html""]",False,False,,,verified
2024-03-18,0,ordinary_weekday,ordinary_weekday,False,True,ordinary_weekday,"[""sifma_archivo.html""]",True,True,613,613,verified
2024-03-19,1,ordinary_weekday,ordinary_weekday,False,True,ordinary_weekday,"[""sifma_archivo.html""]",True,True,612,612,verified
2024-03-20,2,ordinary_weekday,ordinary_weekday,False,True,ordinary_weekday,"[""sifma_archivo.html""]",True,True,611,611,verified
2024-03-21,3,ordinary_weekday,ordinary_weekday,False,True,ordinary_weekday,"[""sifma_archivo.html""]",True,True,610,610,verified
2024-03-22,4,ordinary_weekday,ordinary_weekday,False,True,ordinary_weekday,"[""sifma_archivo.html""]",True,True,609,609,verified
2024-03-23,5,weekend,weekend,False,False,weekend,"[""sifma_archivo.html""]",False,False,,,verified
2024-03-24,6,weekend,weekend,False,False,weekend,"[""sifma_archivo.html""]",False,False,,,verified
2024-03-25,0,ordinary_weekday,ordinary_weekday,False,True,ordinary_weekday,"[""sifma_archivo.html""]",True,True,608,608,verified
2024-03-26,1,ordinary_weekday,ordinary_weekday,False,True,ordinary_weekday,"[""sifma_archivo.html""]",True,True,607,607,verified
2024-03-27,2,ordinary_weekday,ordinary_weekday,False,True,ordinary_weekday,"[""sifma_archivo.html""]",True,True,606,606,verified
2024-03-28,3,early_close,early_close,False,True,Good Friday,"[""sifma_archivo.html""]",True,True,605,605,verified
2024-03-29,4,full_close,full_close,False,False,Good Friday,"[""sifma_archivo.html""]",False,False,,,verified
2024-03-30,5,weekend,weekend,False,False,weekend,"[""sifma_archivo.html""]",False,False,,,verified
2024-03-31,6,weekend,weekend,False,False,weekend,"[""sifma_archivo.html""]",False,False,,,verified
2024-04-01,0,ordinary_weekday,ordinary_weekday,False,True,ordinary_weekday,"[""sifma_archivo.html""]",True,True,604,604,verified
2024-04-02,1,ordinary_weekday,ordinary_weekday,False,True,ordinary_weekday,"[""sifma_archivo.html""]",True,True,603,603,verified
2024-04-03,2,ordinary_weekday,ordinary_weekday,False,True,ordinary_weekday,"[""sifma_archivo.html""]",True,True,602,602,verified
2024-04-04,3,ordinary_weekday,ordinary_weekday,False,True,ordinary_weekday,"[""sifma_archivo.html""]",True,True,601,601,verified
2024-04-05,4,ordinary_weekday,ordinary_weekday,False,True,ordinary_weekday,"[""sifma_archivo.html""]",True,True,600,600,verified
2024-04-06,5,weekend,weekend,False,False,weekend,"[""sifma_archivo.html""]",False,False,,,verified
2024-04-07,6,weekend,weekend,False,False,weekend,"[""sifma_archivo.html""]",False,False,,,verified
2024-04-08,0,ordinary_weekday,ordinary_weekday,False,True,ordinary_weekday,"[""sifma_archivo.html""]",True,True,599,599,verified
2024-04-09,1,ordinary_weekday,ordinary_weekday,False,True,ordinary_weekday,"[""sifma_archivo.html""]",True,True,598,598,verified
2024-04-10,2,ordinary_weekday,ordinary_weekday,False,True,ordinary_weekday,"[""sifma_archivo.html""]",True,True,597,597,verified
2024-04-11,3,ordinary_weekday,ordinary_weekday,False,True,ordinary_weekday,"[""sifma_archivo.html""]",True,True,596,596,verified
2024-04-12,4,ordinary_weekday,ordinary_weekday,False,True,ordinary_weekday,"[""sifma_archivo.html""]",True,True,595,595,verified
2024-04-13,5,weekend,weekend,False,False,weekend,"[""sifma_archivo.html""]",False,False,,,verified
2024-04-14,6,weekend,weekend,False,False,weekend,"[""sifma_archivo.html""]",False,False,,,verified
2024-04-15,0,ordinary_weekday,ordinary_weekday,False,True,ordinary_weekday,"[""sifma_archivo.html""]",True,True,594,594,verified
2024-04-16,1,ordinary_weekday,ordinary_weekday,False,True,ordinary_weekday,"[""sifma_archivo.html""]",True,True,593,593,verified
2024-04-17,2,ordinary_weekday,ordinary_weekday,False,True,ordinary_weekday,"[""sifma_archivo.html""]",True,True,592,592,verified
2024-04-18,3,ordinary_weekday,ordinary_weekday,False,True,ordinary_weekday,"[""sifma_archivo.html""]",True,True,591,591,verified
2024-04-19,4,ordinary_weekday,ordinary_weekday,False,True,ordinary_weekday,"[""sifma_archivo.html""]",True,True,590,590,verified
2024-04-20,5,weekend,weekend,False,False,weekend,"[""sifma_archivo.html""]",False,False,,,verified
2024-04-21,6,weekend,weekend,False,False,weekend,"[""sifma_archivo.html""]",False,False,,,verified
2024-04-22,0,ordinary_weekday,ordinary_weekday,False,True,ordinary_weekday,"[""sifma_archivo.html""]",True,True,589,589,verified
2024-04-23,1,ordinary_weekday,ordinary_weekday,False,True,ordinary_weekday,"[""sifma_archivo.html""]",True,True,588,588,verified
2024-04-24,2,ordinary_weekday,ordinary_weekday,False,True,ordinary_weekday,"[""sifma_archivo.html""]",True,True,587,587,verified
2024-04-25,3,ordinary_weekday,ordinary_weekday,False,True,ordinary_weekday,"[""sifma_archivo.html""]",True,True,586,586,verified
2024-04-26,4,ordinary_weekday,ordinary_weekday,False,True,ordinary_weekday,"[""sifma_archivo.html""]",True,True,585,585,verified
2024-04-27,5,weekend,weekend,False,False,weekend,"[""sifma_archivo.html""]",False,False,,,verified
2024-04-28,6,weekend,weekend,False,False,weekend,"[""sifma_archivo.html""]",False,False,,,verified
2024-04-29,0,ordinary_weekday,ordinary_weekday,False,True,ordinary_weekday,"[""sifma_archivo.html""]",True,True,584,584,verified
2024-04-30,1,ordinary_weekday,ordinary_weekday,False,True,ordinary_weekday,"[""sifma_archivo.html""]",True,True,583,583,verified
2024-05-01,2,ordinary_weekday,ordinary_weekday,False,True,ordinary_weekday,"[""sifma_archivo.html""]",True,True,582,582,verified
2024-05-02,3,ordinary_weekday,ordinary_weekday,False,True,ordinary_weekday,"[""sifma_archivo.html""]",True,True,581,581,verified
2024-05-03,4,ordinary_weekday,ordinary_weekday,False,True,ordinary_weekday,"[""sifma_archivo.html""]",True,True,580,580,verified
2024-05-04,5,weekend,weekend,False,False,weekend,"[""sifma_archivo.html""]",False,False,,,verified
2024-05-05,6,weekend,weekend,False,False,weekend,"[""sifma_archivo.html""]",False,False,,,verified
2024-05-06,0,ordinary_weekday,ordinary_weekday,False,True,ordinary_weekday,"[""sifma_archivo.html""]",True,True,579,579,verified
2024-05-07,1,ordinary_weekday,ordinary_weekday,False,True,ordinary_weekday,"[""sifma_archivo.html""]",True,True,578,578,verified
2024-05-08,2,ordinary_weekday,ordinary_weekday,False,True,ordinary_weekday,"[""sifma_archivo.html""]",True,True,577,577,verified
2024-05-09,3,ordinary_weekday,ordinary_weekday,False,True,ordinary_weekday,"[""sifma_archivo.html""]",True,True,576,576,verified
2024-05-10,4,ordinary_weekday,ordinary_weekday,False,True,ordinary_weekday,"[""sifma_archivo.html""]",True,True,575,575,verified
2024-05-11,5,weekend,weekend,False,False,weekend,"[""sifma_archivo.html""]",False,False,,,verified
2024-05-12,6,weekend,weekend,False,False,weekend,"[""sifma_archivo.html""]",False,False,,,verified
2024-05-13,0,ordinary_weekday,ordinary_weekday,False,True,ordinary_weekday,"[""sifma_archivo.html""]",True,True,574,574,verified
2024-05-14,1,ordinary_weekday,ordinary_weekday,False,True,ordinary_weekday,"[""sifma_archivo.html""]",True,True,573,573,verified
2024-05-15,2,ordinary_weekday,ordinary_weekday,False,True,ordinary_weekday,"[""sifma_archivo.html""]",True,True,572,572,verified
2024-05-16,3,ordinary_weekday,ordinary_weekday,False,True,ordinary_weekday,"[""sifma_archivo.html""]",True,True,571,571,verified
2024-05-17,4,ordinary_weekday,ordinary_weekday,False,True,ordinary_weekday,"[""sifma_archivo.html""]",True,True,570,570,verified
2024-05-18,5,weekend,weekend,False,False,weekend,"[""sifma_archivo.html""]",False,False,,,verified
2024-05-19,6,weekend,weekend,False,False,weekend,"[""sifma_archivo.html""]",False,False,,,verified
2024-05-20,0,ordinary_weekday,ordinary_weekday,False,True,ordinary_weekday,"[""sifma_archivo.html""]",True,True,569,569,verified
2024-05-21,1,ordinary_weekday,ordinary_weekday,False,True,ordinary_weekday,"[""sifma_archivo.html""]",True,True,568,568,verified
2024-05-22,2,ordinary_weekday,ordinary_weekday,False,True,ordinary_weekday,"[""sifma_archivo.html""]",True,True,567,567,verified
2024-05-23,3,ordinary_weekday,ordinary_weekday,False,True,ordinary_weekday,"[""sifma_archivo.html""]",True,True,566,566,verified
2024-05-24,4,early_close,early_close,False,True,Memorial Day,"[""sifma_archivo.html""]",True,True,565,565,verified
2024-05-25,5,weekend,weekend,False,False,weekend,"[""sifma_archivo.html""]",False,False,,,verified
2024-05-26,6,weekend,weekend,False,False,weekend,"[""sifma_archivo.html""]",False,False,,,verified
2024-05-27,0,full_close,full_close,False,False,Memorial Day,"[""sifma_archivo.html""]",False,False,,,verified
2024-05-28,1,ordinary_weekday,ordinary_weekday,False,True,ordinary_weekday,"[""sifma_archivo.html""]",True,True,564,564,verified
2024-05-29,2,ordinary_weekday,ordinary_weekday,False,True,ordinary_weekday,"[""sifma_archivo.html""]",True,True,563,563,verified
2024-05-30,3,ordinary_weekday,ordinary_weekday,False,True,ordinary_weekday,"[""sifma_archivo.html""]",True,True,562,562,verified
2024-05-31,4,ordinary_weekday,ordinary_weekday,False,True,ordinary_weekday,"[""sifma_archivo.html""]",True,True,561,561,verified
2024-06-01,5,weekend,weekend,False,False,weekend,"[""sifma_archivo.html""]",False,False,,,verified
2024-06-02,6,weekend,weekend,False,False,weekend,"[""sifma_archivo.html""]",False,False,,,verified
2024-06-03,0,ordinary_weekday,ordinary_weekday,False,True,ordinary_weekday,"[""sifma_archivo.html""]",True,True,560,560,verified
2024-06-04,1,ordinary_weekday,ordinary_weekday,False,True,ordinary_weekday,"[""sifma_archivo.html""]",True,True,559,559,verified
2024-06-05,2,ordinary_weekday,ordinary_weekday,False,True,ordinary_weekday,"[""sifma_archivo.html""]",True,True,558,558,verified
2024-06-06,3,ordinary_weekday,ordinary_weekday,False,True,ordinary_weekday,"[""sifma_archivo.html""]",True,True,557,557,verified
2024-06-07,4,ordinary_weekday,ordinary_weekday,False,True,ordinary_weekday,"[""sifma_archivo.html""]",True,True,556,556,verified
2024-06-08,5,weekend,weekend,False,False,weekend,"[""sifma_archivo.html""]",False,False,,,verified
2024-06-09,6,weekend,weekend,False,False,weekend,"[""sifma_archivo.html""]",False,False,,,verified
2024-06-10,0,ordinary_weekday,ordinary_weekday,False,True,ordinary_weekday,"[""sifma_archivo.html""]",True,True,555,555,verified
2024-06-11,1,ordinary_weekday,ordinary_weekday,False,True,ordinary_weekday,"[""sifma_archivo.html""]",True,True,554,554,verified
2024-06-12,2,ordinary_weekday,ordinary_weekday,False,True,ordinary_weekday,"[""sifma_archivo.html""]",True,True,553,553,verified
2024-06-13,3,ordinary_weekday,ordinary_weekday,False,True,ordinary_weekday,"[""sifma_archivo.html""]",True,True,552,552,verified
2024-06-14,4,ordinary_weekday,ordinary_weekday,False,True,ordinary_weekday,"[""sifma_archivo.html""]",True,True,551,551,verified
2024-06-15,5,weekend,weekend,False,False,weekend,"[""sifma_archivo.html""]",False,False,,,verified
2024-06-16,6,weekend,weekend,False,False,weekend,"[""sifma_archivo.html""]",False,False,,,verified
2024-06-17,0,ordinary_weekday,ordinary_weekday,False,True,ordinary_weekday,"[""sifma_archivo.html""]",True,True,550,550,verified
2024-06-18,1,ordinary_weekday,ordinary_weekday,False,True,ordinary_weekday,"[""sifma_archivo.html""]",True,True,549,549,verified
2024-06-19,2,full_close,full_close,False,False,Juneteenth,"[""sifma_archivo.html""]",False,False,,,verified
2024-06-20,3,ordinary_weekday,ordinary_weekday,False,True,ordinary_weekday,"[""sifma_archivo.html""]",True,True,548,548,verified
2024-06-21,4,ordinary_weekday,ordinary_weekday,False,True,ordinary_weekday,"[""sifma_archivo.html""]",True,True,547,547,verified
2024-06-22,5,weekend,weekend,False,False,weekend,"[""sifma_archivo.html""]",False,False,,,verified
2024-06-23,6,weekend,weekend,False,False,weekend,"[""sifma_archivo.html""]",False,False,,,verified
2024-06-24,0,ordinary_weekday,ordinary_weekday,False,True,ordinary_weekday,"[""sifma_archivo.html""]",True,True,546,546,verified
2024-06-25,1,ordinary_weekday,ordinary_weekday,False,True,ordinary_weekday,"[""sifma_archivo.html""]",True,True,545,545,verified
2024-06-26,2,ordinary_weekday,ordinary_weekday,False,True,ordinary_weekday,"[""sifma_archivo.html""]",True,True,544,544,verified
2024-06-27,3,ordinary_weekday,ordinary_weekday,False,True,ordinary_weekday,"[""sifma_archivo.html""]",True,True,543,543,verified
2024-06-28,4,ordinary_weekday,ordinary_weekday,False,True,ordinary_weekday,"[""sifma_archivo.html""]",True,True,542,542,verified
2024-06-29,5,weekend,weekend,False,False,weekend,"[""sifma_archivo.html""]",False,False,,,verified
2024-06-30,6,weekend,weekend,False,False,weekend,"[""sifma_archivo.html""]",False,False,,,verified
2024-07-01,0,ordinary_weekday,ordinary_weekday,False,True,ordinary_weekday,"[""sifma_archivo.html""]",True,True,541,541,verified
2024-07-02,1,ordinary_weekday,ordinary_weekday,False,True,ordinary_weekday,"[""sifma_archivo.html""]",True,True,540,540,verified
2024-07-03,2,early_close,early_close,False,True,U.S. Independence Day,"[""sifma_archivo.html""]",True,True,539,539,verified
2024-07-04,3,full_close,full_close,False,False,U.S. Independence Day,"[""sifma_archivo.html""]",False,False,,,verified
2024-07-05,4,ordinary_weekday,ordinary_weekday,False,True,ordinary_weekday,"[""sifma_archivo.html""]",True,True,538,538,verified
2024-07-06,5,weekend,weekend,False,False,weekend,"[""sifma_archivo.html""]",False,False,,,verified
2024-07-07,6,weekend,weekend,False,False,weekend,"[""sifma_archivo.html""]",False,False,,,verified
2024-07-08,0,ordinary_weekday,ordinary_weekday,False,True,ordinary_weekday,"[""sifma_archivo.html""]",True,True,537,537,verified
2024-07-09,1,ordinary_weekday,ordinary_weekday,False,True,ordinary_weekday,"[""sifma_archivo.html""]",True,True,536,536,verified
2024-07-10,2,ordinary_weekday,ordinary_weekday,False,True,ordinary_weekday,"[""sifma_archivo.html""]",True,True,535,535,verified
2024-07-11,3,ordinary_weekday,ordinary_weekday,False,True,ordinary_weekday,"[""sifma_archivo.html""]",True,True,534,534,verified
2024-07-12,4,ordinary_weekday,ordinary_weekday,False,True,ordinary_weekday,"[""sifma_archivo.html""]",True,True,533,533,verified
2024-07-13,5,weekend,weekend,False,False,weekend,"[""sifma_archivo.html""]",False,False,,,verified
2024-07-14,6,weekend,weekend,False,False,weekend,"[""sifma_archivo.html""]",False,False,,,verified
2024-07-15,0,ordinary_weekday,ordinary_weekday,False,True,ordinary_weekday,"[""sifma_archivo.html""]",True,True,532,532,verified
2024-07-16,1,ordinary_weekday,ordinary_weekday,False,True,ordinary_weekday,"[""sifma_archivo.html""]",True,True,531,531,verified
2024-07-17,2,ordinary_weekday,ordinary_weekday,False,True,ordinary_weekday,"[""sifma_archivo.html""]",True,True,530,530,verified
2024-07-18,3,ordinary_weekday,ordinary_weekday,False,True,ordinary_weekday,"[""sifma_archivo.html""]",True,True,529,529,verified
2024-07-19,4,ordinary_weekday,ordinary_weekday,False,True,ordinary_weekday,"[""sifma_archivo.html""]",True,True,528,528,verified
2024-07-20,5,weekend,weekend,False,False,weekend,"[""sifma_archivo.html""]",False,False,,,verified
2024-07-21,6,weekend,weekend,False,False,weekend,"[""sifma_archivo.html""]",False,False,,,verified
2024-07-22,0,ordinary_weekday,ordinary_weekday,False,True,ordinary_weekday,"[""sifma_archivo.html""]",True,True,527,527,verified
2024-07-23,1,ordinary_weekday,ordinary_weekday,False,True,ordinary_weekday,"[""sifma_archivo.html""]",True,True,526,526,verified
2024-07-24,2,ordinary_weekday,ordinary_weekday,False,True,ordinary_weekday,"[""sifma_archivo.html""]",True,True,525,525,verified
2024-07-25,3,ordinary_weekday,ordinary_weekday,False,True,ordinary_weekday,"[""sifma_archivo.html""]",True,True,524,524,verified
2024-07-26,4,ordinary_weekday,ordinary_weekday,False,True,ordinary_weekday,"[""sifma_archivo.html""]",True,True,523,523,verified
2024-07-27,5,weekend,weekend,False,False,weekend,"[""sifma_archivo.html""]",False,False,,,verified
2024-07-28,6,weekend,weekend,False,False,weekend,"[""sifma_archivo.html""]",False,False,,,verified
2024-07-29,0,ordinary_weekday,ordinary_weekday,False,True,ordinary_weekday,"[""sifma_archivo.html""]",True,True,522,522,verified
2024-07-30,1,ordinary_weekday,ordinary_weekday,False,True,ordinary_weekday,"[""sifma_archivo.html""]",True,True,521,521,verified
2024-07-31,2,ordinary_weekday,ordinary_weekday,False,True,ordinary_weekday,"[""sifma_archivo.html""]",True,True,520,520,verified
2024-08-01,3,ordinary_weekday,ordinary_weekday,False,True,ordinary_weekday,"[""sifma_archivo.html""]",True,True,519,519,verified
2024-08-02,4,ordinary_weekday,ordinary_weekday,False,True,ordinary_weekday,"[""sifma_archivo.html""]",True,True,518,518,verified
2024-08-03,5,weekend,weekend,False,False,weekend,"[""sifma_archivo.html""]",False,False,,,verified
2024-08-04,6,weekend,weekend,False,False,weekend,"[""sifma_archivo.html""]",False,False,,,verified
2024-08-05,0,ordinary_weekday,ordinary_weekday,False,True,ordinary_weekday,"[""sifma_archivo.html""]",True,True,517,517,verified
2024-08-06,1,ordinary_weekday,ordinary_weekday,False,True,ordinary_weekday,"[""sifma_archivo.html""]",True,True,516,516,verified
2024-08-07,2,ordinary_weekday,ordinary_weekday,False,True,ordinary_weekday,"[""sifma_archivo.html""]",True,True,515,515,verified
2024-08-08,3,ordinary_weekday,ordinary_weekday,False,True,ordinary_weekday,"[""sifma_archivo.html""]",True,True,514,514,verified
2024-08-09,4,ordinary_weekday,ordinary_weekday,False,True,ordinary_weekday,"[""sifma_archivo.html""]",True,True,513,513,verified
2024-08-10,5,weekend,weekend,False,False,weekend,"[""sifma_archivo.html""]",False,False,,,verified
2024-08-11,6,weekend,weekend,False,False,weekend,"[""sifma_archivo.html""]",False,False,,,verified
2024-08-12,0,ordinary_weekday,ordinary_weekday,False,True,ordinary_weekday,"[""sifma_archivo.html""]",True,True,512,512,verified
2024-08-13,1,ordinary_weekday,ordinary_weekday,False,True,ordinary_weekday,"[""sifma_archivo.html""]",True,True,511,511,verified
2024-08-14,2,ordinary_weekday,ordinary_weekday,False,True,ordinary_weekday,"[""sifma_archivo.html""]",True,True,510,510,verified
2024-08-15,3,ordinary_weekday,ordinary_weekday,False,True,ordinary_weekday,"[""sifma_archivo.html""]",True,True,509,509,verified
2024-08-16,4,ordinary_weekday,ordinary_weekday,False,True,ordinary_weekday,"[""sifma_archivo.html""]",True,True,508,508,verified
2024-08-17,5,weekend,weekend,False,False,weekend,"[""sifma_archivo.html""]",False,False,,,verified
2024-08-18,6,weekend,weekend,False,False,weekend,"[""sifma_archivo.html""]",False,False,,,verified
2024-08-19,0,ordinary_weekday,ordinary_weekday,False,True,ordinary_weekday,"[""sifma_archivo.html""]",True,True,507,507,verified
2024-08-20,1,ordinary_weekday,ordinary_weekday,False,True,ordinary_weekday,"[""sifma_archivo.html""]",True,True,506,506,verified
2024-08-21,2,ordinary_weekday,ordinary_weekday,False,True,ordinary_weekday,"[""sifma_archivo.html""]",True,True,505,505,verified
2024-08-22,3,ordinary_weekday,ordinary_weekday,False,True,ordinary_weekday,"[""sifma_archivo.html""]",True,True,504,504,verified
2024-08-23,4,ordinary_weekday,ordinary_weekday,False,True,ordinary_weekday,"[""sifma_archivo.html""]",True,True,503,503,verified
2024-08-24,5,weekend,weekend,False,False,weekend,"[""sifma_archivo.html""]",False,False,,,verified
2024-08-25,6,weekend,weekend,False,False,weekend,"[""sifma_archivo.html""]",False,False,,,verified
2024-08-26,0,ordinary_weekday,ordinary_weekday,False,True,ordinary_weekday,"[""sifma_archivo.html""]",True,True,502,502,verified
2024-08-27,1,ordinary_weekday,ordinary_weekday,False,True,ordinary_weekday,"[""sifma_archivo.html""]",True,True,501,501,verified
2024-08-28,2,ordinary_weekday,ordinary_weekday,False,True,ordinary_weekday,"[""sifma_archivo.html""]",True,True,500,500,verified
2024-08-29,3,ordinary_weekday,ordinary_weekday,False,True,ordinary_weekday,"[""sifma_archivo.html""]",True,True,499,499,verified
2024-08-30,4,ordinary_weekday,ordinary_weekday,False,True,ordinary_weekday,"[""sifma_archivo.html""]",True,True,498,498,verified
2024-08-31,5,weekend,weekend,False,False,weekend,"[""sifma_archivo.html""]",False,False,,,verified
2024-09-01,6,weekend,weekend,False,False,weekend,"[""sifma_archivo.html""]",False,False,,,verified
2024-09-02,0,full_close,full_close,False,False,Labor Day,"[""sifma_archivo.html""]",False,False,,,verified
2024-09-03,1,ordinary_weekday,ordinary_weekday,False,True,ordinary_weekday,"[""sifma_archivo.html""]",True,True,497,497,verified
2024-09-04,2,ordinary_weekday,ordinary_weekday,False,True,ordinary_weekday,"[""sifma_archivo.html""]",True,True,496,496,verified
2024-09-05,3,ordinary_weekday,ordinary_weekday,False,True,ordinary_weekday,"[""sifma_archivo.html""]",True,True,495,495,verified
2024-09-06,4,ordinary_weekday,ordinary_weekday,False,True,ordinary_weekday,"[""sifma_archivo.html""]",True,True,494,494,verified
2024-09-07,5,weekend,weekend,False,False,weekend,"[""sifma_archivo.html""]",False,False,,,verified
2024-09-08,6,weekend,weekend,False,False,weekend,"[""sifma_archivo.html""]",False,False,,,verified
2024-09-09,0,ordinary_weekday,ordinary_weekday,False,True,ordinary_weekday,"[""sifma_archivo.html""]",True,True,493,493,verified
2024-09-10,1,ordinary_weekday,ordinary_weekday,False,True,ordinary_weekday,"[""sifma_archivo.html""]",True,True,492,492,verified
2024-09-11,2,ordinary_weekday,ordinary_weekday,False,True,ordinary_weekday,"[""sifma_archivo.html""]",True,True,491,491,verified
2024-09-12,3,ordinary_weekday,ordinary_weekday,False,True,ordinary_weekday,"[""sifma_archivo.html""]",True,True,490,490,verified
2024-09-13,4,ordinary_weekday,ordinary_weekday,False,True,ordinary_weekday,"[""sifma_archivo.html""]",True,True,489,489,verified
2024-09-14,5,weekend,weekend,False,False,weekend,"[""sifma_archivo.html""]",False,False,,,verified
2024-09-15,6,weekend,weekend,False,False,weekend,"[""sifma_archivo.html""]",False,False,,,verified
2024-09-16,0,ordinary_weekday,ordinary_weekday,False,True,ordinary_weekday,"[""sifma_archivo.html""]",True,True,488,488,verified
2024-09-17,1,ordinary_weekday,ordinary_weekday,False,True,ordinary_weekday,"[""sifma_archivo.html""]",True,True,487,487,verified
2024-09-18,2,ordinary_weekday,ordinary_weekday,False,True,ordinary_weekday,"[""sifma_archivo.html""]",True,True,486,486,verified
2024-09-19,3,ordinary_weekday,ordinary_weekday,False,True,ordinary_weekday,"[""sifma_archivo.html""]",True,True,485,485,verified
2024-09-20,4,ordinary_weekday,ordinary_weekday,False,True,ordinary_weekday,"[""sifma_archivo.html""]",True,True,484,484,verified
2024-09-21,5,weekend,weekend,False,False,weekend,"[""sifma_archivo.html""]",False,False,,,verified
2024-09-22,6,weekend,weekend,False,False,weekend,"[""sifma_archivo.html""]",False,False,,,verified
2024-09-23,0,ordinary_weekday,ordinary_weekday,False,True,ordinary_weekday,"[""sifma_archivo.html""]",True,True,483,483,verified
2024-09-24,1,ordinary_weekday,ordinary_weekday,False,True,ordinary_weekday,"[""sifma_archivo.html""]",True,True,482,482,verified
2024-09-25,2,ordinary_weekday,ordinary_weekday,False,True,ordinary_weekday,"[""sifma_archivo.html""]",True,True,481,481,verified
2024-09-26,3,ordinary_weekday,ordinary_weekday,False,True,ordinary_weekday,"[""sifma_archivo.html""]",True,True,480,480,verified
2024-09-27,4,ordinary_weekday,ordinary_weekday,False,True,ordinary_weekday,"[""sifma_archivo.html""]",True,True,479,479,verified
2024-09-28,5,weekend,weekend,False,False,weekend,"[""sifma_archivo.html""]",False,False,,,verified
2024-09-29,6,weekend,weekend,False,False,weekend,"[""sifma_archivo.html""]",False,False,,,verified
2024-09-30,0,ordinary_weekday,ordinary_weekday,False,True,ordinary_weekday,"[""sifma_archivo.html""]",True,True,478,478,verified
2024-10-01,1,ordinary_weekday,ordinary_weekday,False,True,ordinary_weekday,"[""sifma_archivo.html""]",True,True,477,477,verified
2024-10-02,2,ordinary_weekday,ordinary_weekday,False,True,ordinary_weekday,"[""sifma_archivo.html""]",True,True,476,476,verified
2024-10-03,3,ordinary_weekday,ordinary_weekday,False,True,ordinary_weekday,"[""sifma_archivo.html""]",True,True,475,475,verified
2024-10-04,4,ordinary_weekday,ordinary_weekday,False,True,ordinary_weekday,"[""sifma_archivo.html""]",True,True,474,474,verified
2024-10-05,5,weekend,weekend,False,False,weekend,"[""sifma_archivo.html""]",False,False,,,verified
2024-10-06,6,weekend,weekend,False,False,weekend,"[""sifma_archivo.html""]",False,False,,,verified
2024-10-07,0,ordinary_weekday,ordinary_weekday,False,True,ordinary_weekday,"[""sifma_archivo.html""]",True,True,473,473,verified
2024-10-08,1,ordinary_weekday,ordinary_weekday,False,True,ordinary_weekday,"[""sifma_archivo.html""]",True,True,472,472,verified
2024-10-09,2,ordinary_weekday,ordinary_weekday,False,True,ordinary_weekday,"[""sifma_archivo.html""]",True,True,471,471,verified
2024-10-10,3,ordinary_weekday,ordinary_weekday,False,True,ordinary_weekday,"[""sifma_archivo.html""]",True,True,470,470,verified
2024-10-11,4,ordinary_weekday,ordinary_weekday,False,True,ordinary_weekday,"[""sifma_archivo.html""]",True,True,469,469,verified
2024-10-12,5,weekend,weekend,False,False,weekend,"[""sifma_archivo.html""]",False,False,,,verified
2024-10-13,6,weekend,weekend,False,False,weekend,"[""sifma_archivo.html""]",False,False,,,verified
2024-10-14,0,full_close,full_close,False,False,Columbus Day,"[""sifma_archivo.html""]",False,False,,,verified
2024-10-15,1,ordinary_weekday,ordinary_weekday,False,True,ordinary_weekday,"[""sifma_archivo.html""]",True,True,468,468,verified
2024-10-16,2,ordinary_weekday,ordinary_weekday,False,True,ordinary_weekday,"[""sifma_archivo.html""]",True,True,467,467,verified
2024-10-17,3,ordinary_weekday,ordinary_weekday,False,True,ordinary_weekday,"[""sifma_archivo.html""]",True,True,466,466,verified
2024-10-18,4,ordinary_weekday,ordinary_weekday,False,True,ordinary_weekday,"[""sifma_archivo.html""]",True,True,465,465,verified
2024-10-19,5,weekend,weekend,False,False,weekend,"[""sifma_archivo.html""]",False,False,,,verified
2024-10-20,6,weekend,weekend,False,False,weekend,"[""sifma_archivo.html""]",False,False,,,verified
2024-10-21,0,ordinary_weekday,ordinary_weekday,False,True,ordinary_weekday,"[""sifma_archivo.html""]",True,True,464,464,verified
2024-10-22,1,ordinary_weekday,ordinary_weekday,False,True,ordinary_weekday,"[""sifma_archivo.html""]",True,True,463,463,verified
2024-10-23,2,ordinary_weekday,ordinary_weekday,False,True,ordinary_weekday,"[""sifma_archivo.html""]",True,True,462,462,verified
2024-10-24,3,ordinary_weekday,ordinary_weekday,False,True,ordinary_weekday,"[""sifma_archivo.html""]",True,True,461,461,verified
2024-10-25,4,ordinary_weekday,ordinary_weekday,False,True,ordinary_weekday,"[""sifma_archivo.html""]",True,True,460,460,verified
2024-10-26,5,weekend,weekend,False,False,weekend,"[""sifma_archivo.html""]",False,False,,,verified
2024-10-27,6,weekend,weekend,False,False,weekend,"[""sifma_archivo.html""]",False,False,,,verified
2024-10-28,0,ordinary_weekday,ordinary_weekday,False,True,ordinary_weekday,"[""sifma_archivo.html""]",True,True,459,459,verified
2024-10-29,1,ordinary_weekday,ordinary_weekday,False,True,ordinary_weekday,"[""sifma_archivo.html""]",True,True,458,458,verified
2024-10-30,2,ordinary_weekday,ordinary_weekday,False,True,ordinary_weekday,"[""sifma_archivo.html""]",True,True,457,457,verified
2024-10-31,3,ordinary_weekday,ordinary_weekday,False,True,ordinary_weekday,"[""sifma_archivo.html""]",True,True,456,456,verified
2024-11-01,4,ordinary_weekday,ordinary_weekday,False,True,ordinary_weekday,"[""sifma_archivo.html""]",True,True,455,455,verified
2024-11-02,5,weekend,weekend,False,False,weekend,"[""sifma_archivo.html""]",False,False,,,verified
2024-11-03,6,weekend,weekend,False,False,weekend,"[""sifma_archivo.html""]",False,False,,,verified
2024-11-04,0,ordinary_weekday,ordinary_weekday,False,True,ordinary_weekday,"[""sifma_archivo.html""]",True,True,454,454,verified
2024-11-05,1,ordinary_weekday,ordinary_weekday,False,True,ordinary_weekday,"[""sifma_archivo.html""]",True,True,453,453,verified
2024-11-06,2,ordinary_weekday,ordinary_weekday,False,True,ordinary_weekday,"[""sifma_archivo.html""]",True,True,452,452,verified
2024-11-07,3,ordinary_weekday,ordinary_weekday,False,True,ordinary_weekday,"[""sifma_archivo.html""]",True,True,451,451,verified
2024-11-08,4,ordinary_weekday,ordinary_weekday,False,True,ordinary_weekday,"[""sifma_archivo.html""]",True,True,450,450,verified
2024-11-09,5,weekend,weekend,False,False,weekend,"[""sifma_archivo.html""]",False,False,,,verified
2024-11-10,6,weekend,weekend,False,False,weekend,"[""sifma_archivo.html""]",False,False,,,verified
2024-11-11,0,full_close,full_close,False,False,Veterans Day,"[""sifma_archivo.html""]",False,False,,,verified
2024-11-12,1,ordinary_weekday,ordinary_weekday,False,True,ordinary_weekday,"[""sifma_archivo.html""]",True,True,449,449,verified
2024-11-13,2,ordinary_weekday,ordinary_weekday,False,True,ordinary_weekday,"[""sifma_archivo.html""]",True,True,448,448,verified
2024-11-14,3,ordinary_weekday,ordinary_weekday,False,True,ordinary_weekday,"[""sifma_archivo.html""]",True,True,447,447,verified
2024-11-15,4,ordinary_weekday,ordinary_weekday,False,True,ordinary_weekday,"[""sifma_archivo.html""]",True,True,446,446,verified
2024-11-16,5,weekend,weekend,False,False,weekend,"[""sifma_archivo.html""]",False,False,,,verified
2024-11-17,6,weekend,weekend,False,False,weekend,"[""sifma_archivo.html""]",False,False,,,verified
2024-11-18,0,ordinary_weekday,ordinary_weekday,False,True,ordinary_weekday,"[""sifma_archivo.html""]",True,True,445,445,verified
2024-11-19,1,ordinary_weekday,ordinary_weekday,False,True,ordinary_weekday,"[""sifma_archivo.html""]",True,True,444,444,verified
2024-11-20,2,ordinary_weekday,ordinary_weekday,False,True,ordinary_weekday,"[""sifma_archivo.html""]",True,True,443,443,verified
2024-11-21,3,ordinary_weekday,ordinary_weekday,False,True,ordinary_weekday,"[""sifma_archivo.html""]",True,True,442,442,verified
2024-11-22,4,ordinary_weekday,ordinary_weekday,False,True,ordinary_weekday,"[""sifma_archivo.html""]",True,True,441,441,verified
2024-11-23,5,weekend,weekend,False,False,weekend,"[""sifma_archivo.html""]",False,False,,,verified
2024-11-24,6,weekend,weekend,False,False,weekend,"[""sifma_archivo.html""]",False,False,,,verified
2024-11-25,0,ordinary_weekday,ordinary_weekday,False,True,ordinary_weekday,"[""sifma_archivo.html""]",True,True,440,440,verified
2024-11-26,1,ordinary_weekday,ordinary_weekday,False,True,ordinary_weekday,"[""sifma_archivo.html""]",True,True,439,439,verified
2024-11-27,2,ordinary_weekday,ordinary_weekday,False,True,ordinary_weekday,"[""sifma_archivo.html""]",True,True,438,438,verified
2024-11-28,3,full_close,full_close,False,False,Thanksgiving Day,"[""sifma_archivo.html""]",False,False,,,verified
2024-11-29,4,early_close,early_close,False,True,Thanksgiving Day,"[""sifma_archivo.html""]",True,True,437,437,verified
2024-11-30,5,weekend,weekend,False,False,weekend,"[""sifma_archivo.html""]",False,False,,,verified
2024-12-01,6,weekend,weekend,False,False,weekend,"[""sifma_archivo.html""]",False,False,,,verified
2024-12-02,0,ordinary_weekday,ordinary_weekday,False,True,ordinary_weekday,"[""sifma_archivo.html""]",True,True,436,436,verified
2024-12-03,1,ordinary_weekday,ordinary_weekday,False,True,ordinary_weekday,"[""sifma_archivo.html""]",True,True,435,435,verified
2024-12-04,2,ordinary_weekday,ordinary_weekday,False,True,ordinary_weekday,"[""sifma_archivo.html""]",True,True,434,434,verified
2024-12-05,3,ordinary_weekday,ordinary_weekday,False,True,ordinary_weekday,"[""sifma_archivo.html""]",True,True,433,433,verified
2024-12-06,4,ordinary_weekday,ordinary_weekday,False,True,ordinary_weekday,"[""sifma_archivo.html""]",True,True,432,432,verified
2024-12-07,5,weekend,weekend,False,False,weekend,"[""sifma_archivo.html""]",False,False,,,verified
2024-12-08,6,weekend,weekend,False,False,weekend,"[""sifma_archivo.html""]",False,False,,,verified
2024-12-09,0,ordinary_weekday,ordinary_weekday,False,True,ordinary_weekday,"[""sifma_archivo.html""]",True,True,431,431,verified
2024-12-10,1,ordinary_weekday,ordinary_weekday,False,True,ordinary_weekday,"[""sifma_archivo.html""]",True,True,430,430,verified
2024-12-11,2,ordinary_weekday,ordinary_weekday,False,True,ordinary_weekday,"[""sifma_archivo.html""]",True,True,429,429,verified
2024-12-12,3,ordinary_weekday,ordinary_weekday,False,True,ordinary_weekday,"[""sifma_archivo.html""]",True,True,428,428,verified
2024-12-13,4,ordinary_weekday,ordinary_weekday,False,True,ordinary_weekday,"[""sifma_archivo.html""]",True,True,427,427,verified
2024-12-14,5,weekend,weekend,False,False,weekend,"[""sifma_archivo.html""]",False,False,,,verified
2024-12-15,6,weekend,weekend,False,False,weekend,"[""sifma_archivo.html""]",False,False,,,verified
2024-12-16,0,ordinary_weekday,ordinary_weekday,False,True,ordinary_weekday,"[""sifma_archivo.html""]",True,True,426,426,verified
2024-12-17,1,ordinary_weekday,ordinary_weekday,False,True,ordinary_weekday,"[""sifma_archivo.html""]",True,True,425,425,verified
2024-12-18,2,ordinary_weekday,ordinary_weekday,False,True,ordinary_weekday,"[""sifma_archivo.html""]",True,True,424,424,verified
2024-12-19,3,ordinary_weekday,ordinary_weekday,False,True,ordinary_weekday,"[""sifma_archivo.html""]",True,True,423,423,verified
2024-12-20,4,ordinary_weekday,ordinary_weekday,False,True,ordinary_weekday,"[""sifma_archivo.html""]",True,True,422,422,verified
2024-12-21,5,weekend,weekend,False,False,weekend,"[""sifma_archivo.html""]",False,False,,,verified
2024-12-22,6,weekend,weekend,False,False,weekend,"[""sifma_archivo.html""]",False,False,,,verified
2024-12-23,0,ordinary_weekday,ordinary_weekday,False,True,ordinary_weekday,"[""sifma_archivo.html""]",True,True,421,421,verified
2024-12-24,1,early_close,early_close,False,True,Christmas Day,"[""sifma_archivo.html""]",True,True,420,420,verified
2024-12-25,2,full_close,full_close,False,False,Christmas Day,"[""sifma_archivo.html""]",False,False,,,verified
2024-12-26,3,ordinary_weekday,ordinary_weekday,False,True,ordinary_weekday,"[""sifma_archivo.html""]",True,True,419,419,verified
2024-12-27,4,ordinary_weekday,ordinary_weekday,False,True,ordinary_weekday,"[""sifma_archivo.html""]",True,True,418,418,verified
2024-12-28,5,weekend,weekend,False,False,weekend,"[""sifma_archivo.html""]",False,False,,,verified
2024-12-29,6,weekend,weekend,False,False,weekend,"[""sifma_archivo.html""]",False,False,,,verified
2024-12-30,0,ordinary_weekday,ordinary_weekday,False,True,ordinary_weekday,"[""sifma_archivo.html""]",True,True,417,417,verified
2024-12-31,1,early_close,early_close,False,True,New Year's Day 2024/2025 | New Year’s Day 2024/2025,"[""sifma_archivo.html""]",True,True,416,416,verified
2025-01-01,2,full_close,full_close,False,False,New Year's Day 2024/2025 | New Year’s Day 2024/2025,"[""sifma_archivo.html""]",False,False,,,verified
2025-01-02,3,ordinary_weekday,ordinary_weekday,False,True,ordinary_weekday,"[""sifma_archivo.html""]",True,True,415,415,verified
2025-01-03,4,ordinary_weekday,ordinary_weekday,False,True,ordinary_weekday,"[""sifma_archivo.html""]",True,True,414,414,verified
2025-01-04,5,weekend,weekend,False,False,weekend,"[""sifma_archivo.html""]",False,False,,,verified
2025-01-05,6,weekend,weekend,False,False,weekend,"[""sifma_archivo.html""]",False,False,,,verified
2025-01-06,0,ordinary_weekday,ordinary_weekday,False,True,ordinary_weekday,"[""sifma_archivo.html""]",True,True,413,413,verified
2025-01-07,1,ordinary_weekday,ordinary_weekday,False,True,ordinary_weekday,"[""sifma_archivo.html""]",True,True,412,412,verified
2025-01-08,2,ordinary_weekday,ordinary_weekday,False,True,ordinary_weekday,"[""sifma_archivo.html""]",True,True,411,411,verified
2025-01-09,3,early_close,ordinary_weekday,True,True,NY Fed confirms SIFMA early market close for Carter and keeps publication on/for this day,"[""sifma_archivo.html"",""nyfed_carter_2025.html""]",True,True,410,410,verified
2025-01-10,4,ordinary_weekday,ordinary_weekday,False,True,ordinary_weekday,"[""sifma_archivo.html""]",True,True,409,409,verified
2025-01-11,5,weekend,weekend,False,False,weekend,"[""sifma_archivo.html""]",False,False,,,verified
2025-01-12,6,weekend,weekend,False,False,weekend,"[""sifma_archivo.html""]",False,False,,,verified
2025-01-13,0,ordinary_weekday,ordinary_weekday,False,True,ordinary_weekday,"[""sifma_archivo.html""]",True,True,408,408,verified
2025-01-14,1,ordinary_weekday,ordinary_weekday,False,True,ordinary_weekday,"[""sifma_archivo.html""]",True,True,407,407,verified
2025-01-15,2,ordinary_weekday,ordinary_weekday,False,True,ordinary_weekday,"[""sifma_archivo.html""]",True,True,406,406,verified
2025-01-16,3,ordinary_weekday,ordinary_weekday,False,True,ordinary_weekday,"[""sifma_archivo.html""]",True,True,405,405,verified
2025-01-17,4,ordinary_weekday,ordinary_weekday,False,True,ordinary_weekday,"[""sifma_archivo.html""]",True,True,404,404,verified
2025-01-18,5,weekend,weekend,False,False,weekend,"[""sifma_archivo.html""]",False,False,,,verified
2025-01-19,6,weekend,weekend,False,False,weekend,"[""sifma_archivo.html""]",False,False,,,verified
2025-01-20,0,full_close,full_close,False,False,Martin Luther King Day,"[""sifma_archivo.html""]",False,False,,,verified
2025-01-21,1,ordinary_weekday,ordinary_weekday,False,True,ordinary_weekday,"[""sifma_archivo.html""]",True,True,403,403,verified
2025-01-22,2,ordinary_weekday,ordinary_weekday,False,True,ordinary_weekday,"[""sifma_archivo.html""]",True,True,402,402,verified
2025-01-23,3,ordinary_weekday,ordinary_weekday,False,True,ordinary_weekday,"[""sifma_archivo.html""]",True,True,401,401,verified
2025-01-24,4,ordinary_weekday,ordinary_weekday,False,True,ordinary_weekday,"[""sifma_archivo.html""]",True,True,400,400,verified
2025-01-25,5,weekend,weekend,False,False,weekend,"[""sifma_archivo.html""]",False,False,,,verified
2025-01-26,6,weekend,weekend,False,False,weekend,"[""sifma_archivo.html""]",False,False,,,verified
2025-01-27,0,ordinary_weekday,ordinary_weekday,False,True,ordinary_weekday,"[""sifma_archivo.html""]",True,True,399,399,verified
2025-01-28,1,ordinary_weekday,ordinary_weekday,False,True,ordinary_weekday,"[""sifma_archivo.html""]",True,True,398,398,verified
2025-01-29,2,ordinary_weekday,ordinary_weekday,False,True,ordinary_weekday,"[""sifma_archivo.html""]",True,True,397,397,verified
2025-01-30,3,ordinary_weekday,ordinary_weekday,False,True,ordinary_weekday,"[""sifma_archivo.html""]",True,True,396,396,verified
2025-01-31,4,ordinary_weekday,ordinary_weekday,False,True,ordinary_weekday,"[""sifma_archivo.html""]",True,True,395,395,verified
2025-02-01,5,weekend,weekend,False,False,weekend,"[""sifma_archivo.html""]",False,False,,,verified
2025-02-02,6,weekend,weekend,False,False,weekend,"[""sifma_archivo.html""]",False,False,,,verified
2025-02-03,0,ordinary_weekday,ordinary_weekday,False,True,ordinary_weekday,"[""sifma_archivo.html""]",True,True,394,394,verified
2025-02-04,1,ordinary_weekday,ordinary_weekday,False,True,ordinary_weekday,"[""sifma_archivo.html""]",True,True,393,393,verified
2025-02-05,2,ordinary_weekday,ordinary_weekday,False,True,ordinary_weekday,"[""sifma_archivo.html""]",True,True,392,392,verified
2025-02-06,3,ordinary_weekday,ordinary_weekday,False,True,ordinary_weekday,"[""sifma_archivo.html""]",True,True,391,391,verified
2025-02-07,4,ordinary_weekday,ordinary_weekday,False,True,ordinary_weekday,"[""sifma_archivo.html""]",True,True,390,390,verified
2025-02-08,5,weekend,weekend,False,False,weekend,"[""sifma_archivo.html""]",False,False,,,verified
2025-02-09,6,weekend,weekend,False,False,weekend,"[""sifma_archivo.html""]",False,False,,,verified
2025-02-10,0,ordinary_weekday,ordinary_weekday,False,True,ordinary_weekday,"[""sifma_archivo.html""]",True,True,389,389,verified
2025-02-11,1,ordinary_weekday,ordinary_weekday,False,True,ordinary_weekday,"[""sifma_archivo.html""]",True,True,388,388,verified
2025-02-12,2,ordinary_weekday,ordinary_weekday,False,True,ordinary_weekday,"[""sifma_archivo.html""]",True,True,387,387,verified
2025-02-13,3,ordinary_weekday,ordinary_weekday,False,True,ordinary_weekday,"[""sifma_archivo.html""]",True,True,386,386,verified
2025-02-14,4,ordinary_weekday,ordinary_weekday,False,True,ordinary_weekday,"[""sifma_archivo.html""]",True,True,385,385,verified
2025-02-15,5,weekend,weekend,False,False,weekend,"[""sifma_archivo.html""]",False,False,,,verified
2025-02-16,6,weekend,weekend,False,False,weekend,"[""sifma_archivo.html""]",False,False,,,verified
2025-02-17,0,full_close,full_close,False,False,Presidents Day,"[""sifma_archivo.html""]",False,False,,,verified
2025-02-18,1,ordinary_weekday,ordinary_weekday,False,True,ordinary_weekday,"[""sifma_archivo.html""]",True,True,384,384,verified
2025-02-19,2,ordinary_weekday,ordinary_weekday,False,True,ordinary_weekday,"[""sifma_archivo.html""]",True,True,383,383,verified
2025-02-20,3,ordinary_weekday,ordinary_weekday,False,True,ordinary_weekday,"[""sifma_archivo.html""]",True,True,382,382,verified
2025-02-21,4,ordinary_weekday,ordinary_weekday,False,True,ordinary_weekday,"[""sifma_archivo.html""]",True,True,381,381,verified
2025-02-22,5,weekend,weekend,False,False,weekend,"[""sifma_archivo.html""]",False,False,,,verified
2025-02-23,6,weekend,weekend,False,False,weekend,"[""sifma_archivo.html""]",False,False,,,verified
2025-02-24,0,ordinary_weekday,ordinary_weekday,False,True,ordinary_weekday,"[""sifma_archivo.html""]",True,True,380,380,verified
2025-02-25,1,ordinary_weekday,ordinary_weekday,False,True,ordinary_weekday,"[""sifma_archivo.html""]",True,True,379,379,verified
2025-02-26,2,ordinary_weekday,ordinary_weekday,False,True,ordinary_weekday,"[""sifma_archivo.html""]",True,True,378,378,verified
2025-02-27,3,ordinary_weekday,ordinary_weekday,False,True,ordinary_weekday,"[""sifma_archivo.html""]",True,True,377,377,verified
2025-02-28,4,ordinary_weekday,ordinary_weekday,False,True,ordinary_weekday,"[""sifma_archivo.html""]",True,True,376,376,verified
2025-03-01,5,weekend,weekend,False,False,weekend,"[""sifma_archivo.html""]",False,False,,,verified
2025-03-02,6,weekend,weekend,False,False,weekend,"[""sifma_archivo.html""]",False,False,,,verified
2025-03-03,0,ordinary_weekday,ordinary_weekday,False,True,ordinary_weekday,"[""sifma_archivo.html""]",True,True,375,375,verified
2025-03-04,1,ordinary_weekday,ordinary_weekday,False,True,ordinary_weekday,"[""sifma_archivo.html""]",True,True,374,374,verified
2025-03-05,2,ordinary_weekday,ordinary_weekday,False,True,ordinary_weekday,"[""sifma_archivo.html""]",True,True,373,373,verified
2025-03-06,3,ordinary_weekday,ordinary_weekday,False,True,ordinary_weekday,"[""sifma_archivo.html""]",True,True,372,372,verified
2025-03-07,4,ordinary_weekday,ordinary_weekday,False,True,ordinary_weekday,"[""sifma_archivo.html""]",True,True,371,371,verified
2025-03-08,5,weekend,weekend,False,False,weekend,"[""sifma_archivo.html""]",False,False,,,verified
2025-03-09,6,weekend,weekend,False,False,weekend,"[""sifma_archivo.html""]",False,False,,,verified
2025-03-10,0,ordinary_weekday,ordinary_weekday,False,True,ordinary_weekday,"[""sifma_archivo.html""]",True,True,370,370,verified
2025-03-11,1,ordinary_weekday,ordinary_weekday,False,True,ordinary_weekday,"[""sifma_archivo.html""]",True,True,369,369,verified
2025-03-12,2,ordinary_weekday,ordinary_weekday,False,True,ordinary_weekday,"[""sifma_archivo.html""]",True,True,368,368,verified
2025-03-13,3,ordinary_weekday,ordinary_weekday,False,True,ordinary_weekday,"[""sifma_archivo.html""]",True,True,367,367,verified
2025-03-14,4,ordinary_weekday,ordinary_weekday,False,True,ordinary_weekday,"[""sifma_archivo.html""]",True,True,366,366,verified
2025-03-15,5,weekend,weekend,False,False,weekend,"[""sifma_archivo.html""]",False,False,,,verified
2025-03-16,6,weekend,weekend,False,False,weekend,"[""sifma_archivo.html""]",False,False,,,verified
2025-03-17,0,ordinary_weekday,ordinary_weekday,False,True,ordinary_weekday,"[""sifma_archivo.html""]",True,True,365,365,verified
2025-03-18,1,ordinary_weekday,ordinary_weekday,False,True,ordinary_weekday,"[""sifma_archivo.html""]",True,True,364,364,verified
2025-03-19,2,ordinary_weekday,ordinary_weekday,False,True,ordinary_weekday,"[""sifma_archivo.html""]",True,True,363,363,verified
2025-03-20,3,ordinary_weekday,ordinary_weekday,False,True,ordinary_weekday,"[""sifma_archivo.html""]",True,True,362,362,verified
2025-03-21,4,ordinary_weekday,ordinary_weekday,False,True,ordinary_weekday,"[""sifma_archivo.html""]",True,True,361,361,verified
2025-03-22,5,weekend,weekend,False,False,weekend,"[""sifma_archivo.html""]",False,False,,,verified
2025-03-23,6,weekend,weekend,False,False,weekend,"[""sifma_archivo.html""]",False,False,,,verified
2025-03-24,0,ordinary_weekday,ordinary_weekday,False,True,ordinary_weekday,"[""sifma_archivo.html""]",True,True,360,360,verified
2025-03-25,1,ordinary_weekday,ordinary_weekday,False,True,ordinary_weekday,"[""sifma_archivo.html""]",True,True,359,359,verified
2025-03-26,2,ordinary_weekday,ordinary_weekday,False,True,ordinary_weekday,"[""sifma_archivo.html""]",True,True,358,358,verified
2025-03-27,3,ordinary_weekday,ordinary_weekday,False,True,ordinary_weekday,"[""sifma_archivo.html""]",True,True,357,357,verified
2025-03-28,4,ordinary_weekday,ordinary_weekday,False,True,ordinary_weekday,"[""sifma_archivo.html""]",True,True,356,356,verified
2025-03-29,5,weekend,weekend,False,False,weekend,"[""sifma_archivo.html""]",False,False,,,verified
2025-03-30,6,weekend,weekend,False,False,weekend,"[""sifma_archivo.html""]",False,False,,,verified
2025-03-31,0,ordinary_weekday,ordinary_weekday,False,True,ordinary_weekday,"[""sifma_archivo.html""]",True,True,355,355,verified
2025-04-01,1,ordinary_weekday,ordinary_weekday,False,True,ordinary_weekday,"[""sifma_archivo.html""]",True,True,354,354,verified
2025-04-02,2,ordinary_weekday,ordinary_weekday,False,True,ordinary_weekday,"[""sifma_archivo.html""]",True,True,353,353,verified
2025-04-03,3,ordinary_weekday,ordinary_weekday,False,True,ordinary_weekday,"[""sifma_archivo.html""]",True,True,352,352,verified
2025-04-04,4,ordinary_weekday,ordinary_weekday,False,True,ordinary_weekday,"[""sifma_archivo.html""]",True,True,351,351,verified
2025-04-05,5,weekend,weekend,False,False,weekend,"[""sifma_archivo.html""]",False,False,,,verified
2025-04-06,6,weekend,weekend,False,False,weekend,"[""sifma_archivo.html""]",False,False,,,verified
2025-04-07,0,ordinary_weekday,ordinary_weekday,False,True,ordinary_weekday,"[""sifma_archivo.html""]",True,True,350,350,verified
2025-04-08,1,ordinary_weekday,ordinary_weekday,False,True,ordinary_weekday,"[""sifma_archivo.html""]",True,True,349,349,verified
2025-04-09,2,ordinary_weekday,ordinary_weekday,False,True,ordinary_weekday,"[""sifma_archivo.html""]",True,True,348,348,verified
2025-04-10,3,ordinary_weekday,ordinary_weekday,False,True,ordinary_weekday,"[""sifma_archivo.html""]",True,True,347,347,verified
2025-04-11,4,ordinary_weekday,ordinary_weekday,False,True,ordinary_weekday,"[""sifma_archivo.html""]",True,True,346,346,verified
2025-04-12,5,weekend,weekend,False,False,weekend,"[""sifma_archivo.html""]",False,False,,,verified
2025-04-13,6,weekend,weekend,False,False,weekend,"[""sifma_archivo.html""]",False,False,,,verified
2025-04-14,0,ordinary_weekday,ordinary_weekday,False,True,ordinary_weekday,"[""sifma_archivo.html""]",True,True,345,345,verified
2025-04-15,1,ordinary_weekday,ordinary_weekday,False,True,ordinary_weekday,"[""sifma_archivo.html""]",True,True,344,344,verified
2025-04-16,2,ordinary_weekday,ordinary_weekday,False,True,ordinary_weekday,"[""sifma_archivo.html""]",True,True,343,343,verified
2025-04-17,3,early_close,early_close,False,True,Good Friday,"[""sifma_archivo.html""]",True,True,342,342,verified
2025-04-18,4,full_close,full_close,False,False,Good Friday,"[""sifma_archivo.html""]",False,False,,,verified
2025-04-19,5,weekend,weekend,False,False,weekend,"[""sifma_archivo.html""]",False,False,,,verified
2025-04-20,6,weekend,weekend,False,False,weekend,"[""sifma_archivo.html""]",False,False,,,verified
2025-04-21,0,ordinary_weekday,ordinary_weekday,False,True,ordinary_weekday,"[""sifma_archivo.html""]",True,True,341,341,verified
2025-04-22,1,ordinary_weekday,ordinary_weekday,False,True,ordinary_weekday,"[""sifma_archivo.html""]",True,True,340,340,verified
2025-04-23,2,ordinary_weekday,ordinary_weekday,False,True,ordinary_weekday,"[""sifma_archivo.html""]",True,True,339,339,verified
2025-04-24,3,ordinary_weekday,ordinary_weekday,False,True,ordinary_weekday,"[""sifma_archivo.html""]",True,True,338,338,verified
2025-04-25,4,ordinary_weekday,ordinary_weekday,False,True,ordinary_weekday,"[""sifma_archivo.html""]",True,True,337,337,verified
2025-04-26,5,weekend,weekend,False,False,weekend,"[""sifma_archivo.html""]",False,False,,,verified
2025-04-27,6,weekend,weekend,False,False,weekend,"[""sifma_archivo.html""]",False,False,,,verified
2025-04-28,0,ordinary_weekday,ordinary_weekday,False,True,ordinary_weekday,"[""sifma_archivo.html""]",True,True,336,336,verified
2025-04-29,1,ordinary_weekday,ordinary_weekday,False,True,ordinary_weekday,"[""sifma_archivo.html""]",True,True,335,335,verified
2025-04-30,2,ordinary_weekday,ordinary_weekday,False,True,ordinary_weekday,"[""sifma_archivo.html""]",True,True,334,334,verified
2025-05-01,3,ordinary_weekday,ordinary_weekday,False,True,ordinary_weekday,"[""sifma_archivo.html""]",True,True,333,333,verified
2025-05-02,4,ordinary_weekday,ordinary_weekday,False,True,ordinary_weekday,"[""sifma_archivo.html""]",True,True,332,332,verified
2025-05-03,5,weekend,weekend,False,False,weekend,"[""sifma_archivo.html""]",False,False,,,verified
2025-05-04,6,weekend,weekend,False,False,weekend,"[""sifma_archivo.html""]",False,False,,,verified
2025-05-05,0,ordinary_weekday,ordinary_weekday,False,True,ordinary_weekday,"[""sifma_archivo.html""]",True,True,331,331,verified
2025-05-06,1,ordinary_weekday,ordinary_weekday,False,True,ordinary_weekday,"[""sifma_archivo.html""]",True,True,330,330,verified
2025-05-07,2,ordinary_weekday,ordinary_weekday,False,True,ordinary_weekday,"[""sifma_archivo.html""]",True,True,329,329,verified
2025-05-08,3,ordinary_weekday,ordinary_weekday,False,True,ordinary_weekday,"[""sifma_archivo.html""]",True,True,328,328,verified
2025-05-09,4,ordinary_weekday,ordinary_weekday,False,True,ordinary_weekday,"[""sifma_archivo.html""]",True,True,327,327,verified
2025-05-10,5,weekend,weekend,False,False,weekend,"[""sifma_archivo.html""]",False,False,,,verified
2025-05-11,6,weekend,weekend,False,False,weekend,"[""sifma_archivo.html""]",False,False,,,verified
2025-05-12,0,ordinary_weekday,ordinary_weekday,False,True,ordinary_weekday,"[""sifma_archivo.html""]",True,True,326,326,verified
2025-05-13,1,ordinary_weekday,ordinary_weekday,False,True,ordinary_weekday,"[""sifma_archivo.html""]",True,True,325,325,verified
2025-05-14,2,ordinary_weekday,ordinary_weekday,False,True,ordinary_weekday,"[""sifma_archivo.html""]",True,True,324,324,verified
2025-05-15,3,ordinary_weekday,ordinary_weekday,False,True,ordinary_weekday,"[""sifma_archivo.html""]",True,True,323,323,verified
2025-05-16,4,ordinary_weekday,ordinary_weekday,False,True,ordinary_weekday,"[""sifma_archivo.html""]",True,True,322,322,verified
2025-05-17,5,weekend,weekend,False,False,weekend,"[""sifma_archivo.html""]",False,False,,,verified
2025-05-18,6,weekend,weekend,False,False,weekend,"[""sifma_archivo.html""]",False,False,,,verified
2025-05-19,0,ordinary_weekday,ordinary_weekday,False,True,ordinary_weekday,"[""sifma_archivo.html""]",True,True,321,321,verified
2025-05-20,1,ordinary_weekday,ordinary_weekday,False,True,ordinary_weekday,"[""sifma_archivo.html""]",True,True,320,320,verified
2025-05-21,2,ordinary_weekday,ordinary_weekday,False,True,ordinary_weekday,"[""sifma_archivo.html""]",True,True,319,319,verified
2025-05-22,3,ordinary_weekday,ordinary_weekday,False,True,ordinary_weekday,"[""sifma_archivo.html""]",True,True,318,318,verified
2025-05-23,4,early_close,early_close,False,True,Memorial Day,"[""sifma_archivo.html""]",True,True,317,317,verified
2025-05-24,5,weekend,weekend,False,False,weekend,"[""sifma_archivo.html""]",False,False,,,verified
2025-05-25,6,weekend,weekend,False,False,weekend,"[""sifma_archivo.html""]",False,False,,,verified
2025-05-26,0,full_close,full_close,False,False,Memorial Day,"[""sifma_archivo.html""]",False,False,,,verified
2025-05-27,1,ordinary_weekday,ordinary_weekday,False,True,ordinary_weekday,"[""sifma_archivo.html""]",True,True,316,316,verified
2025-05-28,2,ordinary_weekday,ordinary_weekday,False,True,ordinary_weekday,"[""sifma_archivo.html""]",True,True,315,315,verified
2025-05-29,3,ordinary_weekday,ordinary_weekday,False,True,ordinary_weekday,"[""sifma_archivo.html""]",True,True,314,314,verified
2025-05-30,4,ordinary_weekday,ordinary_weekday,False,True,ordinary_weekday,"[""sifma_archivo.html""]",True,True,313,313,verified
2025-05-31,5,weekend,weekend,False,False,weekend,"[""sifma_archivo.html""]",False,False,,,verified
2025-06-01,6,weekend,weekend,False,False,weekend,"[""sifma_archivo.html""]",False,False,,,verified
2025-06-02,0,ordinary_weekday,ordinary_weekday,False,True,ordinary_weekday,"[""sifma_archivo.html""]",True,True,312,312,verified
2025-06-03,1,ordinary_weekday,ordinary_weekday,False,True,ordinary_weekday,"[""sifma_archivo.html""]",True,True,311,311,verified
2025-06-04,2,ordinary_weekday,ordinary_weekday,False,True,ordinary_weekday,"[""sifma_archivo.html""]",True,True,310,310,verified
2025-06-05,3,ordinary_weekday,ordinary_weekday,False,True,ordinary_weekday,"[""sifma_archivo.html""]",True,True,309,309,verified
2025-06-06,4,ordinary_weekday,ordinary_weekday,False,True,ordinary_weekday,"[""sifma_archivo.html""]",True,True,308,308,verified
2025-06-07,5,weekend,weekend,False,False,weekend,"[""sifma_archivo.html""]",False,False,,,verified
2025-06-08,6,weekend,weekend,False,False,weekend,"[""sifma_archivo.html""]",False,False,,,verified
2025-06-09,0,ordinary_weekday,ordinary_weekday,False,True,ordinary_weekday,"[""sifma_archivo.html""]",True,True,307,307,verified
2025-06-10,1,ordinary_weekday,ordinary_weekday,False,True,ordinary_weekday,"[""sifma_archivo.html""]",True,True,306,306,verified
2025-06-11,2,ordinary_weekday,ordinary_weekday,False,True,ordinary_weekday,"[""sifma_archivo.html""]",True,True,305,305,verified
2025-06-12,3,ordinary_weekday,ordinary_weekday,False,True,ordinary_weekday,"[""sifma_archivo.html""]",True,True,304,304,verified
2025-06-13,4,ordinary_weekday,ordinary_weekday,False,True,ordinary_weekday,"[""sifma_archivo.html""]",True,True,303,303,verified
2025-06-14,5,weekend,weekend,False,False,weekend,"[""sifma_archivo.html""]",False,False,,,verified
2025-06-15,6,weekend,weekend,False,False,weekend,"[""sifma_archivo.html""]",False,False,,,verified
2025-06-16,0,ordinary_weekday,ordinary_weekday,False,True,ordinary_weekday,"[""sifma_archivo.html""]",True,True,302,302,verified
2025-06-17,1,ordinary_weekday,ordinary_weekday,False,True,ordinary_weekday,"[""sifma_archivo.html""]",True,True,301,301,verified
2025-06-18,2,ordinary_weekday,ordinary_weekday,False,True,ordinary_weekday,"[""sifma_archivo.html""]",True,True,300,300,verified
2025-06-19,3,full_close,full_close,False,False,Juneteenth,"[""sifma_archivo.html""]",False,False,,,verified
2025-06-20,4,ordinary_weekday,ordinary_weekday,False,True,ordinary_weekday,"[""sifma_archivo.html""]",True,True,299,299,verified
2025-06-21,5,weekend,weekend,False,False,weekend,"[""sifma_archivo.html""]",False,False,,,verified
2025-06-22,6,weekend,weekend,False,False,weekend,"[""sifma_archivo.html""]",False,False,,,verified
2025-06-23,0,ordinary_weekday,ordinary_weekday,False,True,ordinary_weekday,"[""sifma_archivo.html""]",True,True,298,298,verified
2025-06-24,1,ordinary_weekday,ordinary_weekday,False,True,ordinary_weekday,"[""sifma_archivo.html""]",True,True,297,297,verified
2025-06-25,2,ordinary_weekday,ordinary_weekday,False,True,ordinary_weekday,"[""sifma_archivo.html""]",True,True,296,296,verified
2025-06-26,3,ordinary_weekday,ordinary_weekday,False,True,ordinary_weekday,"[""sifma_archivo.html""]",True,True,295,295,verified
2025-06-27,4,ordinary_weekday,ordinary_weekday,False,True,ordinary_weekday,"[""sifma_archivo.html""]",True,True,294,294,verified
2025-06-28,5,weekend,weekend,False,False,weekend,"[""sifma_archivo.html""]",False,False,,,verified
2025-06-29,6,weekend,weekend,False,False,weekend,"[""sifma_archivo.html""]",False,False,,,verified
2025-06-30,0,ordinary_weekday,ordinary_weekday,False,True,ordinary_weekday,"[""sifma_archivo.html""]",True,True,293,293,verified
2025-07-01,1,ordinary_weekday,ordinary_weekday,False,True,ordinary_weekday,"[""sifma_archivo.html""]",True,True,292,292,verified
2025-07-02,2,ordinary_weekday,ordinary_weekday,False,True,ordinary_weekday,"[""sifma_archivo.html""]",True,True,291,291,verified
2025-07-03,3,early_close,early_close,False,True,U.S. Independence Day,"[""sifma_archivo.html""]",True,True,290,290,verified
2025-07-04,4,full_close,full_close,False,False,U.S. Independence Day,"[""sifma_archivo.html""]",False,False,,,verified
2025-07-05,5,weekend,weekend,False,False,weekend,"[""sifma_archivo.html""]",False,False,,,verified
2025-07-06,6,weekend,weekend,False,False,weekend,"[""sifma_archivo.html""]",False,False,,,verified
2025-07-07,0,ordinary_weekday,ordinary_weekday,False,True,ordinary_weekday,"[""sifma_archivo.html""]",True,True,289,289,verified
2025-07-08,1,ordinary_weekday,ordinary_weekday,False,True,ordinary_weekday,"[""sifma_archivo.html""]",True,True,288,288,verified
2025-07-09,2,ordinary_weekday,ordinary_weekday,False,True,ordinary_weekday,"[""sifma_archivo.html""]",True,True,287,287,verified
2025-07-10,3,ordinary_weekday,ordinary_weekday,False,True,ordinary_weekday,"[""sifma_archivo.html""]",True,True,286,286,verified
2025-07-11,4,ordinary_weekday,ordinary_weekday,False,True,ordinary_weekday,"[""sifma_archivo.html""]",True,True,285,285,verified
2025-07-12,5,weekend,weekend,False,False,weekend,"[""sifma_archivo.html""]",False,False,,,verified
2025-07-13,6,weekend,weekend,False,False,weekend,"[""sifma_archivo.html""]",False,False,,,verified
2025-07-14,0,ordinary_weekday,ordinary_weekday,False,True,ordinary_weekday,"[""sifma_archivo.html""]",True,True,284,284,verified
2025-07-15,1,ordinary_weekday,ordinary_weekday,False,True,ordinary_weekday,"[""sifma_archivo.html""]",True,True,283,283,verified
2025-07-16,2,ordinary_weekday,ordinary_weekday,False,True,ordinary_weekday,"[""sifma_archivo.html""]",True,True,282,282,verified
2025-07-17,3,ordinary_weekday,ordinary_weekday,False,True,ordinary_weekday,"[""sifma_archivo.html""]",True,True,281,281,verified
2025-07-18,4,ordinary_weekday,ordinary_weekday,False,True,ordinary_weekday,"[""sifma_archivo.html""]",True,True,280,280,verified
2025-07-19,5,weekend,weekend,False,False,weekend,"[""sifma_archivo.html""]",False,False,,,verified
2025-07-20,6,weekend,weekend,False,False,weekend,"[""sifma_archivo.html""]",False,False,,,verified
2025-07-21,0,ordinary_weekday,ordinary_weekday,False,True,ordinary_weekday,"[""sifma_archivo.html""]",True,True,279,279,verified
2025-07-22,1,ordinary_weekday,ordinary_weekday,False,True,ordinary_weekday,"[""sifma_archivo.html""]",True,True,278,278,verified
2025-07-23,2,ordinary_weekday,ordinary_weekday,False,True,ordinary_weekday,"[""sifma_archivo.html""]",True,True,277,277,verified
2025-07-24,3,ordinary_weekday,ordinary_weekday,False,True,ordinary_weekday,"[""sifma_archivo.html""]",True,True,276,276,verified
2025-07-25,4,ordinary_weekday,ordinary_weekday,False,True,ordinary_weekday,"[""sifma_archivo.html""]",True,True,275,275,verified
2025-07-26,5,weekend,weekend,False,False,weekend,"[""sifma_archivo.html""]",False,False,,,verified
2025-07-27,6,weekend,weekend,False,False,weekend,"[""sifma_archivo.html""]",False,False,,,verified
2025-07-28,0,ordinary_weekday,ordinary_weekday,False,True,ordinary_weekday,"[""sifma_archivo.html""]",True,True,274,274,verified
2025-07-29,1,ordinary_weekday,ordinary_weekday,False,True,ordinary_weekday,"[""sifma_archivo.html""]",True,True,273,273,verified
2025-07-30,2,ordinary_weekday,ordinary_weekday,False,True,ordinary_weekday,"[""sifma_archivo.html""]",True,True,272,272,verified
2025-07-31,3,ordinary_weekday,ordinary_weekday,False,True,ordinary_weekday,"[""sifma_archivo.html""]",True,True,271,271,verified
2025-08-01,4,ordinary_weekday,ordinary_weekday,False,True,ordinary_weekday,"[""sifma_archivo.html""]",True,True,270,270,verified
2025-08-02,5,weekend,weekend,False,False,weekend,"[""sifma_archivo.html""]",False,False,,,verified
2025-08-03,6,weekend,weekend,False,False,weekend,"[""sifma_archivo.html""]",False,False,,,verified
2025-08-04,0,ordinary_weekday,ordinary_weekday,False,True,ordinary_weekday,"[""sifma_archivo.html""]",True,True,269,269,verified
2025-08-05,1,ordinary_weekday,ordinary_weekday,False,True,ordinary_weekday,"[""sifma_archivo.html""]",True,True,268,268,verified
2025-08-06,2,ordinary_weekday,ordinary_weekday,False,True,ordinary_weekday,"[""sifma_archivo.html""]",True,True,267,267,verified
2025-08-07,3,ordinary_weekday,ordinary_weekday,False,True,ordinary_weekday,"[""sifma_archivo.html""]",True,True,266,266,verified
2025-08-08,4,ordinary_weekday,ordinary_weekday,False,True,ordinary_weekday,"[""sifma_archivo.html""]",True,True,265,265,verified
2025-08-09,5,weekend,weekend,False,False,weekend,"[""sifma_archivo.html""]",False,False,,,verified
2025-08-10,6,weekend,weekend,False,False,weekend,"[""sifma_archivo.html""]",False,False,,,verified
2025-08-11,0,ordinary_weekday,ordinary_weekday,False,True,ordinary_weekday,"[""sifma_archivo.html""]",True,True,264,264,verified
2025-08-12,1,ordinary_weekday,ordinary_weekday,False,True,ordinary_weekday,"[""sifma_archivo.html""]",True,True,263,263,verified
2025-08-13,2,ordinary_weekday,ordinary_weekday,False,True,ordinary_weekday,"[""sifma_archivo.html""]",True,True,262,262,verified
2025-08-14,3,ordinary_weekday,ordinary_weekday,False,True,ordinary_weekday,"[""sifma_archivo.html""]",True,True,261,261,verified
2025-08-15,4,ordinary_weekday,ordinary_weekday,False,True,ordinary_weekday,"[""sifma_archivo.html""]",True,True,260,260,verified
2025-08-16,5,weekend,weekend,False,False,weekend,"[""sifma_archivo.html""]",False,False,,,verified
2025-08-17,6,weekend,weekend,False,False,weekend,"[""sifma_archivo.html""]",False,False,,,verified
2025-08-18,0,ordinary_weekday,ordinary_weekday,False,True,ordinary_weekday,"[""sifma_archivo.html""]",True,True,259,259,verified
2025-08-19,1,ordinary_weekday,ordinary_weekday,False,True,ordinary_weekday,"[""sifma_archivo.html""]",True,True,258,258,verified
2025-08-20,2,ordinary_weekday,ordinary_weekday,False,True,ordinary_weekday,"[""sifma_archivo.html""]",True,True,257,257,verified
2025-08-21,3,ordinary_weekday,ordinary_weekday,False,True,ordinary_weekday,"[""sifma_archivo.html""]",True,True,256,256,verified
2025-08-22,4,ordinary_weekday,ordinary_weekday,False,True,ordinary_weekday,"[""sifma_archivo.html""]",True,True,255,255,verified
2025-08-23,5,weekend,weekend,False,False,weekend,"[""sifma_archivo.html""]",False,False,,,verified
2025-08-24,6,weekend,weekend,False,False,weekend,"[""sifma_archivo.html""]",False,False,,,verified
2025-08-25,0,ordinary_weekday,ordinary_weekday,False,True,ordinary_weekday,"[""sifma_archivo.html""]",True,True,254,254,verified
2025-08-26,1,ordinary_weekday,ordinary_weekday,False,True,ordinary_weekday,"[""sifma_archivo.html""]",True,True,253,253,verified
2025-08-27,2,ordinary_weekday,ordinary_weekday,False,True,ordinary_weekday,"[""sifma_archivo.html""]",True,True,252,252,verified
2025-08-28,3,ordinary_weekday,ordinary_weekday,False,True,ordinary_weekday,"[""sifma_archivo.html""]",True,True,251,251,verified
2025-08-29,4,ordinary_weekday,ordinary_weekday,False,True,ordinary_weekday,"[""sifma_archivo.html""]",True,True,250,250,verified
2025-08-30,5,weekend,weekend,False,False,weekend,"[""sifma_archivo.html""]",False,False,,,verified
2025-08-31,6,weekend,weekend,False,False,weekend,"[""sifma_archivo.html""]",False,False,,,verified
2025-09-01,0,full_close,full_close,False,False,Labor Day,"[""sifma_archivo.html""]",False,False,,,verified
2025-09-02,1,ordinary_weekday,ordinary_weekday,False,True,ordinary_weekday,"[""sifma_archivo.html""]",True,True,249,249,verified
2025-09-03,2,ordinary_weekday,ordinary_weekday,False,True,ordinary_weekday,"[""sifma_archivo.html""]",True,True,248,248,verified
2025-09-04,3,ordinary_weekday,ordinary_weekday,False,True,ordinary_weekday,"[""sifma_archivo.html""]",True,True,247,247,verified
2025-09-05,4,ordinary_weekday,ordinary_weekday,False,True,ordinary_weekday,"[""sifma_archivo.html""]",True,True,246,246,verified
2025-09-06,5,weekend,weekend,False,False,weekend,"[""sifma_archivo.html""]",False,False,,,verified
2025-09-07,6,weekend,weekend,False,False,weekend,"[""sifma_archivo.html""]",False,False,,,verified
2025-09-08,0,ordinary_weekday,ordinary_weekday,False,True,ordinary_weekday,"[""sifma_archivo.html""]",True,True,245,245,verified
2025-09-09,1,ordinary_weekday,ordinary_weekday,False,True,ordinary_weekday,"[""sifma_archivo.html""]",True,True,244,244,verified
2025-09-10,2,ordinary_weekday,ordinary_weekday,False,True,ordinary_weekday,"[""sifma_archivo.html""]",True,True,243,243,verified
2025-09-11,3,ordinary_weekday,ordinary_weekday,False,True,ordinary_weekday,"[""sifma_archivo.html""]",True,True,242,242,verified
2025-09-12,4,ordinary_weekday,ordinary_weekday,False,True,ordinary_weekday,"[""sifma_archivo.html""]",True,True,241,241,verified
2025-09-13,5,weekend,weekend,False,False,weekend,"[""sifma_archivo.html""]",False,False,,,verified
2025-09-14,6,weekend,weekend,False,False,weekend,"[""sifma_archivo.html""]",False,False,,,verified
2025-09-15,0,ordinary_weekday,ordinary_weekday,False,True,ordinary_weekday,"[""sifma_archivo.html""]",True,True,240,240,verified
2025-09-16,1,ordinary_weekday,ordinary_weekday,False,True,ordinary_weekday,"[""sifma_archivo.html""]",True,True,239,239,verified
2025-09-17,2,ordinary_weekday,ordinary_weekday,False,True,ordinary_weekday,"[""sifma_archivo.html""]",True,True,238,238,verified
2025-09-18,3,ordinary_weekday,ordinary_weekday,False,True,ordinary_weekday,"[""sifma_archivo.html""]",True,True,237,237,verified
2025-09-19,4,ordinary_weekday,ordinary_weekday,False,True,ordinary_weekday,"[""sifma_archivo.html""]",True,True,236,236,verified
2025-09-20,5,weekend,weekend,False,False,weekend,"[""sifma_archivo.html""]",False,False,,,verified
2025-09-21,6,weekend,weekend,False,False,weekend,"[""sifma_archivo.html""]",False,False,,,verified
2025-09-22,0,ordinary_weekday,ordinary_weekday,False,True,ordinary_weekday,"[""sifma_archivo.html""]",True,True,235,235,verified
2025-09-23,1,ordinary_weekday,ordinary_weekday,False,True,ordinary_weekday,"[""sifma_archivo.html""]",True,True,234,234,verified
2025-09-24,2,ordinary_weekday,ordinary_weekday,False,True,ordinary_weekday,"[""sifma_archivo.html""]",True,True,233,233,verified
2025-09-25,3,ordinary_weekday,ordinary_weekday,False,True,ordinary_weekday,"[""sifma_archivo.html""]",True,True,232,232,verified
2025-09-26,4,ordinary_weekday,ordinary_weekday,False,True,ordinary_weekday,"[""sifma_archivo.html""]",True,True,231,231,verified
2025-09-27,5,weekend,weekend,False,False,weekend,"[""sifma_archivo.html""]",False,False,,,verified
2025-09-28,6,weekend,weekend,False,False,weekend,"[""sifma_archivo.html""]",False,False,,,verified
2025-09-29,0,ordinary_weekday,ordinary_weekday,False,True,ordinary_weekday,"[""sifma_archivo.html""]",True,True,230,230,verified
2025-09-30,1,ordinary_weekday,ordinary_weekday,False,True,ordinary_weekday,"[""sifma_archivo.html""]",True,True,229,229,verified
2025-10-01,2,ordinary_weekday,ordinary_weekday,False,True,ordinary_weekday,"[""sifma_archivo.html""]",True,True,228,228,verified
2025-10-02,3,ordinary_weekday,ordinary_weekday,False,True,ordinary_weekday,"[""sifma_archivo.html""]",True,True,227,227,verified
2025-10-03,4,ordinary_weekday,ordinary_weekday,False,True,ordinary_weekday,"[""sifma_archivo.html""]",True,True,226,226,verified
2025-10-04,5,weekend,weekend,False,False,weekend,"[""sifma_archivo.html""]",False,False,,,verified
2025-10-05,6,weekend,weekend,False,False,weekend,"[""sifma_archivo.html""]",False,False,,,verified
2025-10-06,0,ordinary_weekday,ordinary_weekday,False,True,ordinary_weekday,"[""sifma_archivo.html""]",True,True,225,225,verified
2025-10-07,1,ordinary_weekday,ordinary_weekday,False,True,ordinary_weekday,"[""sifma_archivo.html""]",True,True,224,224,verified
2025-10-08,2,ordinary_weekday,ordinary_weekday,False,True,ordinary_weekday,"[""sifma_archivo.html""]",True,True,223,223,verified
2025-10-09,3,ordinary_weekday,ordinary_weekday,False,True,ordinary_weekday,"[""sifma_archivo.html""]",True,True,222,222,verified
2025-10-10,4,ordinary_weekday,ordinary_weekday,False,True,ordinary_weekday,"[""sifma_archivo.html""]",True,True,221,221,verified
2025-10-11,5,weekend,weekend,False,False,weekend,"[""sifma_archivo.html""]",False,False,,,verified
2025-10-12,6,weekend,weekend,False,False,weekend,"[""sifma_archivo.html""]",False,False,,,verified
2025-10-13,0,full_close,full_close,False,False,Columbus Day,"[""sifma_archivo.html""]",False,False,,,verified
2025-10-14,1,ordinary_weekday,ordinary_weekday,False,True,ordinary_weekday,"[""sifma_archivo.html""]",True,True,220,220,verified
2025-10-15,2,ordinary_weekday,ordinary_weekday,False,True,ordinary_weekday,"[""sifma_archivo.html""]",True,True,219,219,verified
2025-10-16,3,ordinary_weekday,ordinary_weekday,False,True,ordinary_weekday,"[""sifma_archivo.html""]",True,True,218,218,verified
2025-10-17,4,ordinary_weekday,ordinary_weekday,False,True,ordinary_weekday,"[""sifma_archivo.html""]",True,True,217,217,verified
2025-10-18,5,weekend,weekend,False,False,weekend,"[""sifma_archivo.html""]",False,False,,,verified
2025-10-19,6,weekend,weekend,False,False,weekend,"[""sifma_archivo.html""]",False,False,,,verified
2025-10-20,0,ordinary_weekday,ordinary_weekday,False,True,ordinary_weekday,"[""sifma_archivo.html""]",True,True,216,216,verified
2025-10-21,1,ordinary_weekday,ordinary_weekday,False,True,ordinary_weekday,"[""sifma_archivo.html""]",True,True,215,215,verified
2025-10-22,2,ordinary_weekday,ordinary_weekday,False,True,ordinary_weekday,"[""sifma_archivo.html""]",True,True,214,214,verified
2025-10-23,3,ordinary_weekday,ordinary_weekday,False,True,ordinary_weekday,"[""sifma_archivo.html""]",True,True,213,213,verified
2025-10-24,4,ordinary_weekday,ordinary_weekday,False,True,ordinary_weekday,"[""sifma_archivo.html""]",True,True,212,212,verified
2025-10-25,5,weekend,weekend,False,False,weekend,"[""sifma_archivo.html""]",False,False,,,verified
2025-10-26,6,weekend,weekend,False,False,weekend,"[""sifma_archivo.html""]",False,False,,,verified
2025-10-27,0,ordinary_weekday,ordinary_weekday,False,True,ordinary_weekday,"[""sifma_archivo.html""]",True,True,211,211,verified
2025-10-28,1,ordinary_weekday,ordinary_weekday,False,True,ordinary_weekday,"[""sifma_archivo.html""]",True,True,210,210,verified
2025-10-29,2,ordinary_weekday,ordinary_weekday,False,True,ordinary_weekday,"[""sifma_archivo.html""]",True,True,209,209,verified
2025-10-30,3,ordinary_weekday,ordinary_weekday,False,True,ordinary_weekday,"[""sifma_archivo.html""]",True,True,208,208,verified
2025-10-31,4,ordinary_weekday,ordinary_weekday,False,True,ordinary_weekday,"[""sifma_archivo.html""]",True,True,207,207,verified
2025-11-01,5,weekend,weekend,False,False,weekend,"[""sifma_archivo.html""]",False,False,,,verified
2025-11-02,6,weekend,weekend,False,False,weekend,"[""sifma_archivo.html""]",False,False,,,verified
2025-11-03,0,ordinary_weekday,ordinary_weekday,False,True,ordinary_weekday,"[""sifma_archivo.html""]",True,True,206,206,verified
2025-11-04,1,ordinary_weekday,ordinary_weekday,False,True,ordinary_weekday,"[""sifma_archivo.html""]",True,True,205,205,verified
2025-11-05,2,ordinary_weekday,ordinary_weekday,False,True,ordinary_weekday,"[""sifma_archivo.html""]",True,True,204,204,verified
2025-11-06,3,ordinary_weekday,ordinary_weekday,False,True,ordinary_weekday,"[""sifma_archivo.html""]",True,True,203,203,verified
2025-11-07,4,ordinary_weekday,ordinary_weekday,False,True,ordinary_weekday,"[""sifma_archivo.html""]",True,True,202,202,verified
2025-11-08,5,weekend,weekend,False,False,weekend,"[""sifma_archivo.html""]",False,False,,,verified
2025-11-09,6,weekend,weekend,False,False,weekend,"[""sifma_archivo.html""]",False,False,,,verified
2025-11-10,0,ordinary_weekday,ordinary_weekday,False,True,ordinary_weekday,"[""sifma_archivo.html""]",True,True,201,201,verified
2025-11-11,1,full_close,full_close,False,False,Veterans Day,"[""sifma_archivo.html""]",False,False,,,verified
2025-11-12,2,ordinary_weekday,ordinary_weekday,False,True,ordinary_weekday,"[""sifma_archivo.html""]",True,True,200,200,verified
2025-11-13,3,ordinary_weekday,ordinary_weekday,False,True,ordinary_weekday,"[""sifma_archivo.html""]",True,True,199,199,verified
2025-11-14,4,ordinary_weekday,ordinary_weekday,False,True,ordinary_weekday,"[""sifma_archivo.html""]",True,True,198,198,verified
2025-11-15,5,weekend,weekend,False,False,weekend,"[""sifma_archivo.html""]",False,False,,,verified
2025-11-16,6,weekend,weekend,False,False,weekend,"[""sifma_archivo.html""]",False,False,,,verified
2025-11-17,0,ordinary_weekday,ordinary_weekday,False,True,ordinary_weekday,"[""sifma_archivo.html""]",True,True,197,197,verified
2025-11-18,1,ordinary_weekday,ordinary_weekday,False,True,ordinary_weekday,"[""sifma_archivo.html""]",True,True,196,196,verified
2025-11-19,2,ordinary_weekday,ordinary_weekday,False,True,ordinary_weekday,"[""sifma_archivo.html""]",True,True,195,195,verified
2025-11-20,3,ordinary_weekday,ordinary_weekday,False,True,ordinary_weekday,"[""sifma_archivo.html""]",True,True,194,194,verified
2025-11-21,4,ordinary_weekday,ordinary_weekday,False,True,ordinary_weekday,"[""sifma_archivo.html""]",True,True,193,193,verified
2025-11-22,5,weekend,weekend,False,False,weekend,"[""sifma_archivo.html""]",False,False,,,verified
2025-11-23,6,weekend,weekend,False,False,weekend,"[""sifma_archivo.html""]",False,False,,,verified
2025-11-24,0,ordinary_weekday,ordinary_weekday,False,True,ordinary_weekday,"[""sifma_archivo.html""]",True,True,192,192,verified
2025-11-25,1,ordinary_weekday,ordinary_weekday,False,True,ordinary_weekday,"[""sifma_archivo.html""]",True,True,191,191,verified
2025-11-26,2,ordinary_weekday,ordinary_weekday,False,True,ordinary_weekday,"[""sifma_archivo.html""]",True,True,190,190,verified
2025-11-27,3,full_close,full_close,False,False,Thanksgiving Day,"[""sifma_archivo.html""]",False,False,,,verified
2025-11-28,4,early_close,early_close,False,True,Thanksgiving Day,"[""sifma_archivo.html""]",True,True,189,189,verified
2025-11-29,5,weekend,weekend,False,False,weekend,"[""sifma_archivo.html""]",False,False,,,verified
2025-11-30,6,weekend,weekend,False,False,weekend,"[""sifma_archivo.html""]",False,False,,,verified
2025-12-01,0,ordinary_weekday,ordinary_weekday,False,True,ordinary_weekday,"[""sifma_archivo.html""]",True,True,188,188,verified
2025-12-02,1,ordinary_weekday,ordinary_weekday,False,True,ordinary_weekday,"[""sifma_archivo.html""]",True,True,187,187,verified
2025-12-03,2,ordinary_weekday,ordinary_weekday,False,True,ordinary_weekday,"[""sifma_archivo.html""]",True,True,186,186,verified
2025-12-04,3,ordinary_weekday,ordinary_weekday,False,True,ordinary_weekday,"[""sifma_archivo.html""]",True,True,185,185,verified
2025-12-05,4,ordinary_weekday,ordinary_weekday,False,True,ordinary_weekday,"[""sifma_archivo.html""]",True,True,184,184,verified
2025-12-06,5,weekend,weekend,False,False,weekend,"[""sifma_archivo.html""]",False,False,,,verified
2025-12-07,6,weekend,weekend,False,False,weekend,"[""sifma_archivo.html""]",False,False,,,verified
2025-12-08,0,ordinary_weekday,ordinary_weekday,False,True,ordinary_weekday,"[""sifma_archivo.html""]",True,True,183,183,verified
2025-12-09,1,ordinary_weekday,ordinary_weekday,False,True,ordinary_weekday,"[""sifma_archivo.html""]",True,True,182,182,verified
2025-12-10,2,ordinary_weekday,ordinary_weekday,False,True,ordinary_weekday,"[""sifma_archivo.html""]",True,True,181,181,verified
2025-12-11,3,ordinary_weekday,ordinary_weekday,False,True,ordinary_weekday,"[""sifma_archivo.html""]",True,True,180,180,verified
2025-12-12,4,ordinary_weekday,ordinary_weekday,False,True,ordinary_weekday,"[""sifma_archivo.html""]",True,True,179,179,verified
2025-12-13,5,weekend,weekend,False,False,weekend,"[""sifma_archivo.html""]",False,False,,,verified
2025-12-14,6,weekend,weekend,False,False,weekend,"[""sifma_archivo.html""]",False,False,,,verified
2025-12-15,0,ordinary_weekday,ordinary_weekday,False,True,ordinary_weekday,"[""sifma_archivo.html""]",True,True,178,178,verified
2025-12-16,1,ordinary_weekday,ordinary_weekday,False,True,ordinary_weekday,"[""sifma_archivo.html""]",True,True,177,177,verified
2025-12-17,2,ordinary_weekday,ordinary_weekday,False,True,ordinary_weekday,"[""sifma_archivo.html""]",True,True,176,176,verified
2025-12-18,3,ordinary_weekday,ordinary_weekday,False,True,ordinary_weekday,"[""sifma_archivo.html""]",True,True,175,175,verified
2025-12-19,4,ordinary_weekday,ordinary_weekday,False,True,ordinary_weekday,"[""sifma_archivo.html""]",True,True,174,174,verified
2025-12-20,5,weekend,weekend,False,False,weekend,"[""sifma_archivo.html""]",False,False,,,verified
2025-12-21,6,weekend,weekend,False,False,weekend,"[""sifma_archivo.html""]",False,False,,,verified
2025-12-22,0,ordinary_weekday,ordinary_weekday,False,True,ordinary_weekday,"[""sifma_archivo.html""]",True,True,173,173,verified
2025-12-23,1,ordinary_weekday,ordinary_weekday,False,True,ordinary_weekday,"[""sifma_archivo.html""]",True,True,172,172,verified
2025-12-24,2,early_close,early_close,False,True,Christmas Day,"[""sifma_archivo.html""]",True,True,171,171,verified
2025-12-25,3,full_close,full_close,False,False,Christmas Day,"[""sifma_archivo.html""]",False,False,,,verified
2025-12-26,4,ordinary_weekday,ordinary_weekday,False,True,ordinary_weekday,"[""sifma_archivo.html""]",True,True,170,170,verified
2025-12-27,5,weekend,weekend,False,False,weekend,"[""sifma_archivo.html""]",False,False,,,verified
2025-12-28,6,weekend,weekend,False,False,weekend,"[""sifma_archivo.html""]",False,False,,,verified
2025-12-29,0,ordinary_weekday,ordinary_weekday,False,True,ordinary_weekday,"[""sifma_archivo.html""]",True,True,169,169,verified
2025-12-30,1,ordinary_weekday,ordinary_weekday,False,True,ordinary_weekday,"[""sifma_archivo.html""]",True,True,168,168,verified
2025-12-31,2,early_close,early_close,False,True,New Year’s Day 2025/2026,"[""sifma_2026.html"",""sifma_archivo.html""]",True,True,167,167,verified
2026-01-01,3,full_close,full_close,False,False,New Year’s Day 2025/2026,"[""sifma_2026.html"",""sifma_archivo.html""]",False,False,,,verified
2026-01-02,4,ordinary_weekday,ordinary_weekday,False,True,ordinary_weekday,"[""sifma_2026.html""]",True,True,166,166,verified
2026-01-03,5,weekend,weekend,False,False,weekend,"[""sifma_2026.html""]",False,False,,,verified
2026-01-04,6,weekend,weekend,False,False,weekend,"[""sifma_2026.html""]",False,False,,,verified
2026-01-05,0,ordinary_weekday,ordinary_weekday,False,True,ordinary_weekday,"[""sifma_2026.html""]",True,True,165,165,verified
2026-01-06,1,ordinary_weekday,ordinary_weekday,False,True,ordinary_weekday,"[""sifma_2026.html""]",True,True,164,164,verified
2026-01-07,2,ordinary_weekday,ordinary_weekday,False,True,ordinary_weekday,"[""sifma_2026.html""]",True,True,163,163,verified
2026-01-08,3,ordinary_weekday,ordinary_weekday,False,True,ordinary_weekday,"[""sifma_2026.html""]",True,True,162,162,verified
2026-01-09,4,ordinary_weekday,ordinary_weekday,False,True,ordinary_weekday,"[""sifma_2026.html""]",True,True,161,161,verified
2026-01-10,5,weekend,weekend,False,False,weekend,"[""sifma_2026.html""]",False,False,,,verified
2026-01-11,6,weekend,weekend,False,False,weekend,"[""sifma_2026.html""]",False,False,,,verified
2026-01-12,0,ordinary_weekday,ordinary_weekday,False,True,ordinary_weekday,"[""sifma_2026.html""]",True,True,160,160,verified
2026-01-13,1,ordinary_weekday,ordinary_weekday,False,True,ordinary_weekday,"[""sifma_2026.html""]",True,True,159,159,verified
2026-01-14,2,ordinary_weekday,ordinary_weekday,False,True,ordinary_weekday,"[""sifma_2026.html""]",True,True,158,158,verified
2026-01-15,3,ordinary_weekday,ordinary_weekday,False,True,ordinary_weekday,"[""sifma_2026.html""]",True,True,157,157,verified
2026-01-16,4,ordinary_weekday,ordinary_weekday,False,True,ordinary_weekday,"[""sifma_2026.html""]",True,True,156,156,verified
2026-01-17,5,weekend,weekend,False,False,weekend,"[""sifma_2026.html""]",False,False,,,verified
2026-01-18,6,weekend,weekend,False,False,weekend,"[""sifma_2026.html""]",False,False,,,verified
2026-01-19,0,full_close,full_close,False,False,Martin Luther King Day,"[""sifma_2026.html""]",False,False,,,verified
2026-01-20,1,ordinary_weekday,ordinary_weekday,False,True,ordinary_weekday,"[""sifma_2026.html""]",True,True,155,155,verified
2026-01-21,2,ordinary_weekday,ordinary_weekday,False,True,ordinary_weekday,"[""sifma_2026.html""]",True,True,154,154,verified
2026-01-22,3,ordinary_weekday,ordinary_weekday,False,True,ordinary_weekday,"[""sifma_2026.html""]",True,True,153,153,verified
2026-01-23,4,ordinary_weekday,ordinary_weekday,False,True,ordinary_weekday,"[""sifma_2026.html""]",True,True,152,152,verified
2026-01-24,5,weekend,weekend,False,False,weekend,"[""sifma_2026.html""]",False,False,,,verified
2026-01-25,6,weekend,weekend,False,False,weekend,"[""sifma_2026.html""]",False,False,,,verified
2026-01-26,0,ordinary_weekday,ordinary_weekday,False,True,ordinary_weekday,"[""sifma_2026.html""]",True,True,151,151,verified
2026-01-27,1,ordinary_weekday,ordinary_weekday,False,True,ordinary_weekday,"[""sifma_2026.html""]",True,True,150,150,verified
2026-01-28,2,ordinary_weekday,ordinary_weekday,False,True,ordinary_weekday,"[""sifma_2026.html""]",True,True,149,149,verified
2026-01-29,3,ordinary_weekday,ordinary_weekday,False,True,ordinary_weekday,"[""sifma_2026.html""]",True,True,148,148,verified
2026-01-30,4,ordinary_weekday,ordinary_weekday,False,True,ordinary_weekday,"[""sifma_2026.html""]",True,True,147,147,verified
2026-01-31,5,weekend,weekend,False,False,weekend,"[""sifma_2026.html""]",False,False,,,verified
2026-02-01,6,weekend,weekend,False,False,weekend,"[""sifma_2026.html""]",False,False,,,verified
2026-02-02,0,ordinary_weekday,ordinary_weekday,False,True,ordinary_weekday,"[""sifma_2026.html""]",True,True,146,146,verified
2026-02-03,1,ordinary_weekday,ordinary_weekday,False,True,ordinary_weekday,"[""sifma_2026.html""]",True,True,145,145,verified
2026-02-04,2,ordinary_weekday,ordinary_weekday,False,True,ordinary_weekday,"[""sifma_2026.html""]",True,True,144,144,verified
2026-02-05,3,ordinary_weekday,ordinary_weekday,False,True,ordinary_weekday,"[""sifma_2026.html""]",True,True,143,143,verified
2026-02-06,4,ordinary_weekday,ordinary_weekday,False,True,ordinary_weekday,"[""sifma_2026.html""]",True,True,142,142,verified
2026-02-07,5,weekend,weekend,False,False,weekend,"[""sifma_2026.html""]",False,False,,,verified
2026-02-08,6,weekend,weekend,False,False,weekend,"[""sifma_2026.html""]",False,False,,,verified
2026-02-09,0,ordinary_weekday,ordinary_weekday,False,True,ordinary_weekday,"[""sifma_2026.html""]",True,True,141,141,verified
2026-02-10,1,ordinary_weekday,ordinary_weekday,False,True,ordinary_weekday,"[""sifma_2026.html""]",True,True,140,140,verified
2026-02-11,2,ordinary_weekday,ordinary_weekday,False,True,ordinary_weekday,"[""sifma_2026.html""]",True,True,139,139,verified
2026-02-12,3,ordinary_weekday,ordinary_weekday,False,True,ordinary_weekday,"[""sifma_2026.html""]",True,True,138,138,verified
2026-02-13,4,ordinary_weekday,ordinary_weekday,False,True,ordinary_weekday,"[""sifma_2026.html""]",True,True,137,137,verified
2026-02-14,5,weekend,weekend,False,False,weekend,"[""sifma_2026.html""]",False,False,,,verified
2026-02-15,6,weekend,weekend,False,False,weekend,"[""sifma_2026.html""]",False,False,,,verified
2026-02-16,0,full_close,full_close,False,False,Presidents Day,"[""sifma_2026.html""]",False,False,,,verified
2026-02-17,1,ordinary_weekday,ordinary_weekday,False,True,ordinary_weekday,"[""sifma_2026.html""]",True,True,136,136,verified
2026-02-18,2,ordinary_weekday,ordinary_weekday,False,True,ordinary_weekday,"[""sifma_2026.html""]",True,True,135,135,verified
2026-02-19,3,ordinary_weekday,ordinary_weekday,False,True,ordinary_weekday,"[""sifma_2026.html""]",True,True,134,134,verified
2026-02-20,4,ordinary_weekday,ordinary_weekday,False,True,ordinary_weekday,"[""sifma_2026.html""]",True,True,133,133,verified
2026-02-21,5,weekend,weekend,False,False,weekend,"[""sifma_2026.html""]",False,False,,,verified
2026-02-22,6,weekend,weekend,False,False,weekend,"[""sifma_2026.html""]",False,False,,,verified
2026-02-23,0,ordinary_weekday,ordinary_weekday,False,True,ordinary_weekday,"[""sifma_2026.html""]",True,True,132,132,verified
2026-02-24,1,ordinary_weekday,ordinary_weekday,False,True,ordinary_weekday,"[""sifma_2026.html""]",True,True,131,131,verified
2026-02-25,2,ordinary_weekday,ordinary_weekday,False,True,ordinary_weekday,"[""sifma_2026.html""]",True,True,130,130,verified
2026-02-26,3,ordinary_weekday,ordinary_weekday,False,True,ordinary_weekday,"[""sifma_2026.html""]",True,True,129,129,verified
2026-02-27,4,ordinary_weekday,ordinary_weekday,False,True,ordinary_weekday,"[""sifma_2026.html""]",True,True,128,128,verified
2026-02-28,5,weekend,weekend,False,False,weekend,"[""sifma_2026.html""]",False,False,,,verified
2026-03-01,6,weekend,weekend,False,False,weekend,"[""sifma_2026.html""]",False,False,,,verified
2026-03-02,0,ordinary_weekday,ordinary_weekday,False,True,ordinary_weekday,"[""sifma_2026.html""]",True,True,127,127,verified
2026-03-03,1,ordinary_weekday,ordinary_weekday,False,True,ordinary_weekday,"[""sifma_2026.html""]",True,True,126,126,verified
2026-03-04,2,ordinary_weekday,ordinary_weekday,False,True,ordinary_weekday,"[""sifma_2026.html""]",True,True,125,125,verified
2026-03-05,3,ordinary_weekday,ordinary_weekday,False,True,ordinary_weekday,"[""sifma_2026.html""]",True,True,124,124,verified
2026-03-06,4,ordinary_weekday,ordinary_weekday,False,True,ordinary_weekday,"[""sifma_2026.html""]",True,True,123,123,verified
2026-03-07,5,weekend,weekend,False,False,weekend,"[""sifma_2026.html""]",False,False,,,verified
2026-03-08,6,weekend,weekend,False,False,weekend,"[""sifma_2026.html""]",False,False,,,verified
2026-03-09,0,ordinary_weekday,ordinary_weekday,False,True,ordinary_weekday,"[""sifma_2026.html""]",True,True,122,122,verified
2026-03-10,1,ordinary_weekday,ordinary_weekday,False,True,ordinary_weekday,"[""sifma_2026.html""]",True,True,121,121,verified
2026-03-11,2,ordinary_weekday,ordinary_weekday,False,True,ordinary_weekday,"[""sifma_2026.html""]",True,True,120,120,verified
2026-03-12,3,ordinary_weekday,ordinary_weekday,False,True,ordinary_weekday,"[""sifma_2026.html""]",True,True,119,119,verified
2026-03-13,4,ordinary_weekday,ordinary_weekday,False,True,ordinary_weekday,"[""sifma_2026.html""]",True,True,118,118,verified
2026-03-14,5,weekend,weekend,False,False,weekend,"[""sifma_2026.html""]",False,False,,,verified
2026-03-15,6,weekend,weekend,False,False,weekend,"[""sifma_2026.html""]",False,False,,,verified
2026-03-16,0,ordinary_weekday,ordinary_weekday,False,True,ordinary_weekday,"[""sifma_2026.html""]",True,True,117,117,verified
2026-03-17,1,ordinary_weekday,ordinary_weekday,False,True,ordinary_weekday,"[""sifma_2026.html""]",True,True,116,116,verified
2026-03-18,2,ordinary_weekday,ordinary_weekday,False,True,ordinary_weekday,"[""sifma_2026.html""]",True,True,115,115,verified
2026-03-19,3,ordinary_weekday,ordinary_weekday,False,True,ordinary_weekday,"[""sifma_2026.html""]",True,True,114,114,verified
2026-03-20,4,ordinary_weekday,ordinary_weekday,False,True,ordinary_weekday,"[""sifma_2026.html""]",True,True,113,113,verified
2026-03-21,5,weekend,weekend,False,False,weekend,"[""sifma_2026.html""]",False,False,,,verified
2026-03-22,6,weekend,weekend,False,False,weekend,"[""sifma_2026.html""]",False,False,,,verified
2026-03-23,0,ordinary_weekday,ordinary_weekday,False,True,ordinary_weekday,"[""sifma_2026.html""]",True,True,112,112,verified
2026-03-24,1,ordinary_weekday,ordinary_weekday,False,True,ordinary_weekday,"[""sifma_2026.html""]",True,True,111,111,verified
2026-03-25,2,ordinary_weekday,ordinary_weekday,False,True,ordinary_weekday,"[""sifma_2026.html""]",True,True,110,110,verified
2026-03-26,3,ordinary_weekday,ordinary_weekday,False,True,ordinary_weekday,"[""sifma_2026.html""]",True,True,109,109,verified
2026-03-27,4,ordinary_weekday,ordinary_weekday,False,True,ordinary_weekday,"[""sifma_2026.html""]",True,True,108,108,verified
2026-03-28,5,weekend,weekend,False,False,weekend,"[""sifma_2026.html""]",False,False,,,verified
2026-03-29,6,weekend,weekend,False,False,weekend,"[""sifma_2026.html""]",False,False,,,verified
2026-03-30,0,ordinary_weekday,ordinary_weekday,False,True,ordinary_weekday,"[""sifma_2026.html""]",True,True,107,107,verified
2026-03-31,1,ordinary_weekday,ordinary_weekday,False,True,ordinary_weekday,"[""sifma_2026.html""]",True,True,106,106,verified
2026-04-01,2,ordinary_weekday,ordinary_weekday,False,True,ordinary_weekday,"[""sifma_2026.html""]",True,True,105,105,verified
2026-04-02,3,ordinary_weekday,ordinary_weekday,False,True,ordinary_weekday,"[""sifma_2026.html""]",True,True,104,104,verified
2026-04-03,4,early_close,early_close,True,False,NY Fed repo holiday exception despite SIFMA early close,"[""sifma_2026.html"",""nyfed_excepcion_2026.html""]",False,False,,,verified
2026-04-04,5,weekend,weekend,False,False,weekend,"[""sifma_2026.html""]",False,False,,,verified
2026-04-05,6,weekend,weekend,False,False,weekend,"[""sifma_2026.html""]",False,False,,,verified
2026-04-06,0,ordinary_weekday,ordinary_weekday,False,True,ordinary_weekday,"[""sifma_2026.html""]",True,True,103,103,verified
2026-04-07,1,ordinary_weekday,ordinary_weekday,False,True,ordinary_weekday,"[""sifma_2026.html""]",True,True,102,102,verified
2026-04-08,2,ordinary_weekday,ordinary_weekday,False,True,ordinary_weekday,"[""sifma_2026.html""]",True,True,101,101,verified
2026-04-09,3,ordinary_weekday,ordinary_weekday,False,True,ordinary_weekday,"[""sifma_2026.html""]",True,True,100,100,verified
2026-04-10,4,ordinary_weekday,ordinary_weekday,False,True,ordinary_weekday,"[""sifma_2026.html""]",True,True,99,99,verified
2026-04-11,5,weekend,weekend,False,False,weekend,"[""sifma_2026.html""]",False,False,,,verified
2026-04-12,6,weekend,weekend,False,False,weekend,"[""sifma_2026.html""]",False,False,,,verified
2026-04-13,0,ordinary_weekday,ordinary_weekday,False,True,ordinary_weekday,"[""sifma_2026.html""]",True,True,98,98,verified
2026-04-14,1,ordinary_weekday,ordinary_weekday,False,True,ordinary_weekday,"[""sifma_2026.html""]",True,True,97,97,verified
2026-04-15,2,ordinary_weekday,ordinary_weekday,False,True,ordinary_weekday,"[""sifma_2026.html""]",True,True,96,96,verified
2026-04-16,3,ordinary_weekday,ordinary_weekday,False,True,ordinary_weekday,"[""sifma_2026.html""]",True,True,95,95,verified
2026-04-17,4,ordinary_weekday,ordinary_weekday,False,True,ordinary_weekday,"[""sifma_2026.html""]",True,True,94,94,verified
2026-04-18,5,weekend,weekend,False,False,weekend,"[""sifma_2026.html""]",False,False,,,verified
2026-04-19,6,weekend,weekend,False,False,weekend,"[""sifma_2026.html""]",False,False,,,verified
2026-04-20,0,ordinary_weekday,ordinary_weekday,False,True,ordinary_weekday,"[""sifma_2026.html""]",True,True,93,93,verified
2026-04-21,1,ordinary_weekday,ordinary_weekday,False,True,ordinary_weekday,"[""sifma_2026.html""]",True,True,92,92,verified
2026-04-22,2,ordinary_weekday,ordinary_weekday,False,True,ordinary_weekday,"[""sifma_2026.html""]",True,True,91,91,verified
2026-04-23,3,ordinary_weekday,ordinary_weekday,False,True,ordinary_weekday,"[""sifma_2026.html""]",True,True,90,90,verified
2026-04-24,4,ordinary_weekday,ordinary_weekday,False,True,ordinary_weekday,"[""sifma_2026.html""]",True,True,89,89,verified
2026-04-25,5,weekend,weekend,False,False,weekend,"[""sifma_2026.html""]",False,False,,,verified
2026-04-26,6,weekend,weekend,False,False,weekend,"[""sifma_2026.html""]",False,False,,,verified
2026-04-27,0,ordinary_weekday,ordinary_weekday,False,True,ordinary_weekday,"[""sifma_2026.html""]",True,True,88,88,verified
2026-04-28,1,ordinary_weekday,ordinary_weekday,False,True,ordinary_weekday,"[""sifma_2026.html""]",True,True,87,87,verified
2026-04-29,2,ordinary_weekday,ordinary_weekday,False,True,ordinary_weekday,"[""sifma_2026.html""]",True,True,86,86,verified
2026-04-30,3,ordinary_weekday,ordinary_weekday,False,True,ordinary_weekday,"[""sifma_2026.html""]",True,True,85,85,verified
2026-05-01,4,ordinary_weekday,ordinary_weekday,False,True,ordinary_weekday,"[""sifma_2026.html""]",True,True,84,84,verified
2026-05-02,5,weekend,weekend,False,False,weekend,"[""sifma_2026.html""]",False,False,,,verified
2026-05-03,6,weekend,weekend,False,False,weekend,"[""sifma_2026.html""]",False,False,,,verified
2026-05-04,0,ordinary_weekday,ordinary_weekday,False,True,ordinary_weekday,"[""sifma_2026.html""]",True,True,83,83,verified
2026-05-05,1,ordinary_weekday,ordinary_weekday,False,True,ordinary_weekday,"[""sifma_2026.html""]",True,True,82,82,verified
2026-05-06,2,ordinary_weekday,ordinary_weekday,False,True,ordinary_weekday,"[""sifma_2026.html""]",True,True,81,81,verified
2026-05-07,3,ordinary_weekday,ordinary_weekday,False,True,ordinary_weekday,"[""sifma_2026.html""]",True,True,80,80,verified
2026-05-08,4,ordinary_weekday,ordinary_weekday,False,True,ordinary_weekday,"[""sifma_2026.html""]",True,True,79,79,verified
2026-05-09,5,weekend,weekend,False,False,weekend,"[""sifma_2026.html""]",False,False,,,verified
2026-05-10,6,weekend,weekend,False,False,weekend,"[""sifma_2026.html""]",False,False,,,verified
2026-05-11,0,ordinary_weekday,ordinary_weekday,False,True,ordinary_weekday,"[""sifma_2026.html""]",True,True,78,78,verified
2026-05-12,1,ordinary_weekday,ordinary_weekday,False,True,ordinary_weekday,"[""sifma_2026.html""]",True,True,77,77,verified
2026-05-13,2,ordinary_weekday,ordinary_weekday,False,True,ordinary_weekday,"[""sifma_2026.html""]",True,True,76,76,verified
2026-05-14,3,ordinary_weekday,ordinary_weekday,False,True,ordinary_weekday,"[""sifma_2026.html""]",True,True,75,75,verified
2026-05-15,4,ordinary_weekday,ordinary_weekday,False,True,ordinary_weekday,"[""sifma_2026.html""]",True,True,74,74,verified
2026-05-16,5,weekend,weekend,False,False,weekend,"[""sifma_2026.html""]",False,False,,,verified
2026-05-17,6,weekend,weekend,False,False,weekend,"[""sifma_2026.html""]",False,False,,,verified
2026-05-18,0,ordinary_weekday,ordinary_weekday,False,True,ordinary_weekday,"[""sifma_2026.html""]",True,True,73,73,verified
2026-05-19,1,ordinary_weekday,ordinary_weekday,False,True,ordinary_weekday,"[""sifma_2026.html""]",True,True,72,72,verified
2026-05-20,2,ordinary_weekday,ordinary_weekday,False,True,ordinary_weekday,"[""sifma_2026.html""]",True,True,71,71,verified
2026-05-21,3,ordinary_weekday,ordinary_weekday,False,True,ordinary_weekday,"[""sifma_2026.html""]",True,True,70,70,verified
2026-05-22,4,early_close,early_close,False,True,Memorial Day,"[""sifma_2026.html""]",True,True,69,69,verified
2026-05-23,5,weekend,weekend,False,False,weekend,"[""sifma_2026.html""]",False,False,,,verified
2026-05-24,6,weekend,weekend,False,False,weekend,"[""sifma_2026.html""]",False,False,,,verified
2026-05-25,0,full_close,full_close,False,False,Memorial Day,"[""sifma_2026.html""]",False,False,,,verified
2026-05-26,1,ordinary_weekday,ordinary_weekday,False,True,ordinary_weekday,"[""sifma_2026.html""]",True,True,68,68,verified
2026-05-27,2,ordinary_weekday,ordinary_weekday,False,True,ordinary_weekday,"[""sifma_2026.html""]",True,True,67,67,verified
2026-05-28,3,ordinary_weekday,ordinary_weekday,False,True,ordinary_weekday,"[""sifma_2026.html""]",True,True,66,66,verified
2026-05-29,4,ordinary_weekday,ordinary_weekday,False,True,ordinary_weekday,"[""sifma_2026.html""]",True,True,65,65,verified
2026-05-30,5,weekend,weekend,False,False,weekend,"[""sifma_2026.html""]",False,False,,,verified
2026-05-31,6,weekend,weekend,False,False,weekend,"[""sifma_2026.html""]",False,False,,,verified
2026-06-01,0,ordinary_weekday,ordinary_weekday,False,True,ordinary_weekday,"[""sifma_2026.html""]",True,True,64,64,verified
2026-06-02,1,ordinary_weekday,ordinary_weekday,False,True,ordinary_weekday,"[""sifma_2026.html""]",True,True,63,63,verified
2026-06-03,2,ordinary_weekday,ordinary_weekday,False,True,ordinary_weekday,"[""sifma_2026.html""]",True,True,62,62,verified
2026-06-04,3,ordinary_weekday,ordinary_weekday,False,True,ordinary_weekday,"[""sifma_2026.html""]",True,True,61,61,verified
2026-06-05,4,ordinary_weekday,ordinary_weekday,False,True,ordinary_weekday,"[""sifma_2026.html""]",True,True,60,60,verified
2026-06-06,5,weekend,weekend,False,False,weekend,"[""sifma_2026.html""]",False,False,,,verified
2026-06-07,6,weekend,weekend,False,False,weekend,"[""sifma_2026.html""]",False,False,,,verified
2026-06-08,0,ordinary_weekday,ordinary_weekday,False,True,ordinary_weekday,"[""sifma_2026.html""]",True,True,59,59,verified
2026-06-09,1,ordinary_weekday,ordinary_weekday,False,True,ordinary_weekday,"[""sifma_2026.html""]",True,True,58,58,verified
2026-06-10,2,ordinary_weekday,ordinary_weekday,False,True,ordinary_weekday,"[""sifma_2026.html""]",True,True,57,57,verified
2026-06-11,3,ordinary_weekday,ordinary_weekday,False,True,ordinary_weekday,"[""sifma_2026.html""]",True,True,56,56,verified
2026-06-12,4,ordinary_weekday,ordinary_weekday,False,True,ordinary_weekday,"[""sifma_2026.html""]",True,True,55,55,verified
2026-06-13,5,weekend,weekend,False,False,weekend,"[""sifma_2026.html""]",False,False,,,verified
2026-06-14,6,weekend,weekend,False,False,weekend,"[""sifma_2026.html""]",False,False,,,verified
2026-06-15,0,ordinary_weekday,ordinary_weekday,False,True,ordinary_weekday,"[""sifma_2026.html""]",True,True,54,54,verified
2026-06-16,1,ordinary_weekday,ordinary_weekday,False,True,ordinary_weekday,"[""sifma_2026.html""]",True,True,53,53,verified
2026-06-17,2,ordinary_weekday,ordinary_weekday,False,True,ordinary_weekday,"[""sifma_2026.html""]",True,True,52,52,verified
2026-06-18,3,ordinary_weekday,ordinary_weekday,False,True,ordinary_weekday,"[""sifma_2026.html""]",True,True,51,51,verified
2026-06-19,4,full_close,full_close,False,False,Juneteenth,"[""sifma_2026.html""]",False,False,,,verified
2026-06-20,5,weekend,weekend,False,False,weekend,"[""sifma_2026.html""]",False,False,,,verified
2026-06-21,6,weekend,weekend,False,False,weekend,"[""sifma_2026.html""]",False,False,,,verified
2026-06-22,0,ordinary_weekday,ordinary_weekday,False,True,ordinary_weekday,"[""sifma_2026.html""]",True,True,50,50,verified
2026-06-23,1,ordinary_weekday,ordinary_weekday,False,True,ordinary_weekday,"[""sifma_2026.html""]",True,True,49,49,verified
2026-06-24,2,ordinary_weekday,ordinary_weekday,False,True,ordinary_weekday,"[""sifma_2026.html""]",True,True,48,48,verified
2026-06-25,3,ordinary_weekday,ordinary_weekday,False,True,ordinary_weekday,"[""sifma_2026.html""]",True,True,47,47,verified
2026-06-26,4,ordinary_weekday,ordinary_weekday,False,True,ordinary_weekday,"[""sifma_2026.html""]",True,True,46,46,verified
2026-06-27,5,weekend,weekend,False,False,weekend,"[""sifma_2026.html""]",False,False,,,verified
2026-06-28,6,weekend,weekend,False,False,weekend,"[""sifma_2026.html""]",False,False,,,verified
2026-06-29,0,ordinary_weekday,ordinary_weekday,False,True,ordinary_weekday,"[""sifma_2026.html""]",True,True,45,45,verified
2026-06-30,1,ordinary_weekday,ordinary_weekday,False,True,ordinary_weekday,"[""sifma_2026.html""]",True,True,44,44,verified
2026-07-01,2,ordinary_weekday,ordinary_weekday,False,True,ordinary_weekday,"[""sifma_2026.html""]",True,True,43,43,verified
2026-07-02,3,early_close,early_close,False,True,U.S. Independence Day (observed),"[""sifma_2026.html""]",True,True,42,42,verified
2026-07-03,4,full_close,full_close,False,False,U.S. Independence Day (observed),"[""sifma_2026.html""]",False,False,,,verified
2026-07-04,5,weekend,weekend,False,False,weekend,"[""sifma_2026.html""]",False,False,,,verified
2026-07-05,6,weekend,weekend,False,False,weekend,"[""sifma_2026.html""]",False,False,,,verified
2026-07-06,0,ordinary_weekday,ordinary_weekday,False,True,ordinary_weekday,"[""sifma_2026.html""]",True,True,41,41,verified
2026-07-07,1,ordinary_weekday,ordinary_weekday,False,True,ordinary_weekday,"[""sifma_2026.html""]",True,True,40,40,verified
2026-07-08,2,ordinary_weekday,ordinary_weekday,False,True,ordinary_weekday,"[""sifma_2026.html""]",True,True,39,39,verified
2026-07-09,3,ordinary_weekday,ordinary_weekday,False,True,ordinary_weekday,"[""sifma_2026.html""]",True,True,38,38,verified
2026-07-10,4,ordinary_weekday,ordinary_weekday,False,True,ordinary_weekday,"[""sifma_2026.html""]",True,True,37,37,verified
2026-07-11,5,weekend,weekend,False,False,weekend,"[""sifma_2026.html""]",False,False,,,verified
2026-07-12,6,weekend,weekend,False,False,weekend,"[""sifma_2026.html""]",False,False,,,verified
2026-07-13,0,ordinary_weekday,ordinary_weekday,False,True,ordinary_weekday,"[""sifma_2026.html""]",True,True,36,36,verified
2026-07-14,1,ordinary_weekday,ordinary_weekday,False,True,ordinary_weekday,"[""sifma_2026.html""]",True,True,35,35,verified
2026-07-15,2,ordinary_weekday,ordinary_weekday,False,True,ordinary_weekday,"[""sifma_2026.html""]",True,True,34,34,verified
2026-07-16,3,ordinary_weekday,ordinary_weekday,False,True,ordinary_weekday,"[""sifma_2026.html""]",True,True,33,33,verified
2026-07-17,4,ordinary_weekday,ordinary_weekday,False,True,ordinary_weekday,"[""sifma_2026.html""]",True,True,32,32,verified
2026-07-18,5,weekend,weekend,False,False,weekend,"[""sifma_2026.html""]",False,False,,,verified
2026-07-19,6,weekend,weekend,False,False,weekend,"[""sifma_2026.html""]",False,False,,,verified
2026-07-20,0,ordinary_weekday,ordinary_weekday,False,True,ordinary_weekday,"[""sifma_2026.html""]",True,True,31,31,verified
2026-07-21,1,ordinary_weekday,ordinary_weekday,False,True,ordinary_weekday,"[""sifma_2026.html""]",True,True,30,30,verified
2026-07-22,2,ordinary_weekday,ordinary_weekday,False,True,ordinary_weekday,"[""sifma_2026.html""]",True,True,29,29,verified
2026-07-23,3,ordinary_weekday,ordinary_weekday,False,True,ordinary_weekday,"[""sifma_2026.html""]",True,True,28,28,verified
2026-07-24,4,ordinary_weekday,ordinary_weekday,False,True,ordinary_weekday,"[""sifma_2026.html""]",True,True,27,27,verified
2026-07-25,5,weekend,weekend,False,False,weekend,"[""sifma_2026.html""]",False,False,,,verified
2026-07-26,6,weekend,weekend,False,False,weekend,"[""sifma_2026.html""]",False,False,,,verified
2026-07-27,0,ordinary_weekday,ordinary_weekday,False,True,ordinary_weekday,"[""sifma_2026.html""]",True,True,26,26,verified
2026-07-28,1,ordinary_weekday,ordinary_weekday,False,True,ordinary_weekday,"[""sifma_2026.html""]",True,True,25,25,verified
2026-07-29,2,ordinary_weekday,ordinary_weekday,False,True,ordinary_weekday,"[""sifma_2026.html""]",True,True,24,24,verified
2026-07-30,3,ordinary_weekday,ordinary_weekday,False,True,ordinary_weekday,"[""sifma_2026.html""]",True,True,23,23,verified
2026-07-31,4,ordinary_weekday,ordinary_weekday,False,True,ordinary_weekday,"[""sifma_2026.html""]",True,True,22,22,verified
2026-08-01,5,weekend,weekend,False,False,weekend,"[""sifma_2026.html""]",False,False,,,verified
2026-08-02,6,weekend,weekend,False,False,weekend,"[""sifma_2026.html""]",False,False,,,verified
2026-08-03,0,ordinary_weekday,ordinary_weekday,False,True,ordinary_weekday,"[""sifma_2026.html""]",True,True,21,21,verified
2026-08-04,1,ordinary_weekday,ordinary_weekday,False,True,ordinary_weekday,"[""sifma_2026.html""]",True,True,20,20,verified
2026-08-05,2,ordinary_weekday,ordinary_weekday,False,True,ordinary_weekday,"[""sifma_2026.html""]",True,True,19,19,verified
2026-08-06,3,ordinary_weekday,ordinary_weekday,False,True,ordinary_weekday,"[""sifma_2026.html""]",True,True,18,18,verified
2026-08-07,4,ordinary_weekday,ordinary_weekday,False,True,ordinary_weekday,"[""sifma_2026.html""]",True,True,17,17,verified
2026-08-08,5,weekend,weekend,False,False,weekend,"[""sifma_2026.html""]",False,False,,,verified
2026-08-09,6,weekend,weekend,False,False,weekend,"[""sifma_2026.html""]",False,False,,,verified
2026-08-10,0,ordinary_weekday,ordinary_weekday,False,True,ordinary_weekday,"[""sifma_2026.html""]",True,True,16,16,verified
2026-08-11,1,ordinary_weekday,ordinary_weekday,False,True,ordinary_weekday,"[""sifma_2026.html""]",True,True,15,15,verified
2026-08-12,2,ordinary_weekday,ordinary_weekday,False,True,ordinary_weekday,"[""sifma_2026.html""]",True,True,14,14,verified
2026-08-13,3,ordinary_weekday,ordinary_weekday,False,True,ordinary_weekday,"[""sifma_2026.html""]",True,True,13,13,verified
2026-08-14,4,ordinary_weekday,ordinary_weekday,False,True,ordinary_weekday,"[""sifma_2026.html""]",True,True,12,12,verified
2026-08-15,5,weekend,weekend,False,False,weekend,"[""sifma_2026.html""]",False,False,,,verified
2026-08-16,6,weekend,weekend,False,False,weekend,"[""sifma_2026.html""]",False,False,,,verified
2026-08-17,0,ordinary_weekday,ordinary_weekday,False,True,ordinary_weekday,"[""sifma_2026.html""]",True,True,11,11,verified
2026-08-18,1,ordinary_weekday,ordinary_weekday,False,True,ordinary_weekday,"[""sifma_2026.html""]",True,True,10,10,verified
2026-08-19,2,ordinary_weekday,ordinary_weekday,False,True,ordinary_weekday,"[""sifma_2026.html""]",True,True,9,9,verified
2026-08-20,3,ordinary_weekday,ordinary_weekday,False,True,ordinary_weekday,"[""sifma_2026.html""]",True,True,8,8,verified
2026-08-21,4,ordinary_weekday,ordinary_weekday,False,True,ordinary_weekday,"[""sifma_2026.html""]",True,True,7,7,verified
2026-08-22,5,weekend,weekend,False,False,weekend,"[""sifma_2026.html""]",False,False,,,verified
2026-08-23,6,weekend,weekend,False,False,weekend,"[""sifma_2026.html""]",False,False,,,verified
2026-08-24,0,ordinary_weekday,ordinary_weekday,False,True,ordinary_weekday,"[""sifma_2026.html""]",True,True,6,6,verified
2026-08-25,1,ordinary_weekday,ordinary_weekday,False,True,ordinary_weekday,"[""sifma_2026.html""]",True,True,5,5,verified
2026-08-26,2,ordinary_weekday,ordinary_weekday,False,True,ordinary_weekday,"[""sifma_2026.html""]",True,True,4,4,verified
2026-08-27,3,ordinary_weekday,ordinary_weekday,False,True,ordinary_weekday,"[""sifma_2026.html""]",True,True,3,3,verified
2026-08-28,4,ordinary_weekday,ordinary_weekday,False,True,ordinary_weekday,"[""sifma_2026.html""]",True,True,2,2,verified
2026-08-29,5,weekend,weekend,False,False,weekend,"[""sifma_2026.html""]",False,False,,,verified
2026-08-30,6,weekend,weekend,False,False,weekend,"[""sifma_2026.html""]",False,False,,,verified
2026-08-31,0,ordinary_weekday,ordinary_weekday,False,True,ordinary_weekday,"[""sifma_2026.html""]",True,True,1,1,verified
2026-09-01,1,ordinary_weekday,ordinary_weekday,False,True,ordinary_weekday,"[""sifma_2026.html""]",True,True,0,0,verified
